0.016433
0.026363
0.023326
0.024467
0.023599
0.023473
0.023586
0.023554
0.023759
0.023536
0.023131
0.023833
0.023701
0.023192
0.023199
0.023500
0.023614
0.023430
0.023916
0.024691
0.024166
0.023798
0.024107
0.023439
0.023300
0.023547
0.023455
0.023360
0.023165
0.023400
0.023408
0.023670
0.023356
0.023847
0.023662
0.023009
0.023452
0.023141
0.024164
0.023557
0.024061
0.023578
0.024180
0.024058
0.023520
0.023664
0.023828
0.023773
0.023901
0.023651
0.023861
0.024926
0.023849
0.023812
0.023759
0.023999
0.023753
0.023741
0.023863
0.024026
0.024197
0.023953
0.023679
0.024683
0.024595
0.024464
0.024305
0.024307
0.024367
0.024073
0.024249
0.025207
0.024271
0.024288
0.024319
0.025200
0.024892
0.024764
0.024408
0.024855
0.024384
0.025014
0.024554
0.024691
0.024517
0.025064
0.025249
0.025324
0.024658
0.025435
0.024772
0.024679
0.024434
0.025572
0.024476
0.024682
0.024859
0.024399
0.024330
0.024162
0.024409
0.024068
0.024401
0.024275
0.024801
0.024328
0.024578
0.025225
0.024600
0.024603
0.024344
0.024850
0.025199
0.024777
0.024692
0.024555
0.025303
0.025026
0.024482
0.024300
0.024688
0.025063
0.024714
0.024922
0.024792
0.024970
0.024726
0.025067
0.024969
0.025110
0.024585
0.025127
0.024796
0.025214
0.024698
0.024988
0.024484
0.024234
0.025101
0.024508
0.023553
0.024247
0.024070
0.023409
0.023876
0.024011
0.023765
0.023764
0.023585
0.023830
0.023414
0.023327
0.023476
0.023046
0.023828
0.023453
0.023538
0.023145
0.023329
0.023551
0.023846
0.023178
0.023215
0.023953
0.023899
0.022854
0.023698
0.023162
0.023606
0.023145
0.024809
0.023510
0.023576
0.023683
0.023800
0.023483
0.023261
0.023692
0.024080
0.023127
0.023723
0.023385
0.023259
0.023041
0.024013
0.024080
0.023398
0.023174
0.023247
0.023264
0.023781
0.023656
0.025866
0.024000
0.023289
0.023851
0.023726
0.023633
0.023943
0.024554
0.023948
0.023808
0.023983
0.024034
0.024453
0.023957
0.024028
0.024332
0.024185
0.024479
0.024182
0.024193
0.024186
0.024687
0.023927
0.024276
0.024345
0.025374
0.024422
0.024342
0.024417
0.025163
0.024887
0.024891
0.025316
0.024569
0.024368
0.025321
0.024431
0.025427
0.025024
0.025231
0.025524
0.025369
0.026818
0.026070
0.026281
0.025427
0.025336
0.025757
0.025777
0.025704
0.025466
0.025664
0.025804
0.026049
0.026964
0.025644
0.025635
0.025431
0.025156
0.026032
0.026397
0.025750
0.026300
0.026468
0.025156
0.024911
0.024781
0.025370
0.025150
0.024925
0.024655
0.024373
0.025219
0.024237
0.025457
0.024948
0.024324
0.024380
0.023776
0.024596
0.024181
0.024054
0.024344
0.025492
0.024645
0.024606
0.024003
0.024258
0.024209
0.024881
0.023935
0.024101
0.024753
0.024807
0.024616
0.024868
0.024281
0.024290
0.024630
0.023582
0.024282
0.024006
0.024225
0.025608
0.024325
0.023638
0.023616
0.023212
0.023817
0.023557
0.023645
0.023917
0.024440
0.023852
0.023454
0.024006
0.025050
0.023503
0.023843
0.023577
0.024759
0.024021
0.023706
0.023741
0.023499
0.024278
0.024256
0.024067
0.023823
0.024005
0.023990
0.024260
0.024139
0.024479
0.023981
0.024154
0.024518
0.023802
0.024709
0.023970
0.024339
0.025294
0.024312
0.024917
0.024563
0.024540
0.024585
0.024945
0.024679
0.024304
0.024608
0.025287
0.025146
0.024208
0.025045
0.024492
0.024684
0.025065
0.024097
0.024992
0.024779
0.024479
0.024659
0.024164
0.024100
0.024514
0.023623
0.024088
0.024097
0.023913
0.023895
0.024237
0.024744
0.024317
0.024611
0.024583
0.024688
0.023965
0.025049
0.024652
0.024270
0.024480
0.024178
0.024032
0.024011
0.024300
0.025351
0.024588
0.024614
0.025693
0.024608
0.024565
0.025483
0.024352
0.024893
0.024889
0.025243
0.024874
0.024931
0.025430
0.025655
0.024914
0.024745
0.025151
0.024685
0.024949
0.025617
0.025740
0.024941
0.026005
0.025236
0.024914
0.024677
0.025919
0.025281
0.025118
0.025308
0.025044
0.025218
0.025633
0.024588
0.026258
0.025058
0.024705
0.024225
0.024161
0.024592
0.024509
0.023965
0.024279
0.024341
0.024152
0.023859
0.023888
0.023713
0.023618
0.024537
0.023852
0.023810
0.023511
0.023841
0.024144
0.024878
0.023565
0.024290
0.023844
0.024419
0.024572
0.025143
0.024504
0.023770
0.024276
0.023897
0.023284
0.024000
0.023538
0.023355
0.023347
0.023417
0.023919
0.023042
0.023590
0.023420
0.023621
0.023589
0.023269
0.023765
0.023189
0.023107
0.023980
0.023931
0.022998
0.023531
0.024153
0.023489
0.023130
0.023420
0.023524
0.023482
0.023642
0.023705
0.023320
0.023280
0.023937
0.024039
0.023063
0.023400
0.023865
0.023602
0.023599
0.024027
0.024187
0.023373
0.023633
0.023704
0.023931
0.023554
0.023999
0.024352
0.024102
0.023888
0.024000
0.024061
0.024456
0.024628
0.024729
0.024363
0.024358
0.024081
0.024150
0.024104
0.023973
0.024965
0.024081
0.023767
0.024266
0.024296
0.024778
0.025317
0.025065
0.024163
0.024308
0.024310
0.025039
0.023944
0.024524
0.024929
0.024294
0.024141
0.025522
0.024796
0.024793
0.024619
0.026091
0.024903
0.025113
0.024357
0.024700
0.024367
0.025021
0.025441
0.024532
0.024605
0.024496
0.024706
0.024426
0.024547
0.024587
0.024565
0.024417
0.024386
0.024577
0.024612
0.025332
0.025492
0.024651
0.025081
0.024493
0.025234
0.024767
0.025012
0.025277
0.024671
0.025311
0.025048
0.025139
0.024870
0.025205
0.024921
0.024727
0.024554
0.024439
0.024522
0.024278
0.024576
0.026039
0.023879
0.024035
0.024254
0.024749
0.023689
0.023748
0.023923
0.023967
0.024533
0.023857
0.023803
0.023392
0.023543
0.023930
0.023864
0.023740
0.023917
0.024090
0.024265
0.023490
0.024335
0.023853
0.023630
0.023809
0.023791
0.023264
0.023428
0.023504
0.023143
0.024042
0.023600
0.023839
0.023822
0.023354
0.023972
0.023789
0.023482
0.023801
0.023937
0.023477
0.023240
0.023497
0.023912
0.023262
0.023413
0.023097
0.023688
0.024002
0.023454
0.023953
0.023037
0.024154
0.023432
0.023663
0.023377
0.023959
0.024351
0.023480
0.023384
0.023456
0.023740
0.023743
0.023550
0.024063
0.023555
0.023616
0.023854
0.023503
0.023403
0.023574
0.023522
0.023884
0.023872
0.024267
0.023824
0.023563
0.023774
0.023818
0.023895
0.024008
0.024228
0.024068
0.023796
0.024067
0.023645
0.023734
0.023315
0.024227
0.023518
0.024200
0.023851
0.023671
0.024343
0.023492
0.023662
0.023857
0.023600
0.023414
0.023212
0.024384
0.024050
0.023885
0.023591
0.024425
0.023771
0.023802
0.024583
0.023599
0.023586
0.023871
0.024118
0.023939
0.023461
0.023648
0.023803
0.023632
0.024730
0.023764
0.024387
0.023947
0.024077
0.023859
0.023645
0.023799
0.025063
0.024325
0.023962
0.023840
0.023991
0.023805
0.024173
0.024943
0.023576
0.024471
0.024214
0.024192
0.024648
0.024344
0.024185
0.024802
0.024561
0.024388
0.024388
0.024130
0.024127
0.024233
0.023941
0.023825
0.024326
0.024163
0.023623
0.023920
0.023660
0.023946
0.023838
0.024167
0.024290
0.024448
0.023592
0.023713
0.023551
0.023294
0.024196
0.024011
0.023583
0.023772
0.023969
0.024225
0.023784
0.023591
0.023460
0.024082
0.023013
0.023422
0.023306
0.023437
0.023692
0.023135
0.024237
0.024220
0.023446
0.023383
0.023907
0.023666
0.023329
0.023235
0.024087
0.024139
0.023318
0.024382
0.024047
0.023333
0.024054
0.024108
0.024267
0.024092
0.024166
0.023839
0.024171
0.023856
0.023847
0.024226
0.023538
0.025154
0.023874
0.023708
0.024758
0.024436
0.024209
0.024597
0.024420
0.024210
0.024640
0.024022
0.024172
0.024101
0.023584
0.024220
0.023656
0.023917
0.023897
0.024801
0.023792
0.024208
0.024432
0.024327
0.024456
0.024144
0.024147
0.024110
0.024468
0.024282
0.024146
0.025269
0.023978
0.024342
0.024008
0.023935
0.023315
0.023456
0.023758
0.023892
0.023013
0.023483
0.023533
0.022859
0.024021
0.023287
0.023366
0.023004
0.023100
0.023091
0.023224
0.023274
0.023609
0.023379
0.023275
0.023590
0.022947
0.023099
0.022905
0.023383
0.023897
0.023101
0.023104
0.022758
0.023186
0.023113
0.024115
0.023043
0.023043
0.022672
0.023324
0.022810
0.023214
0.022862
0.023361
0.023339
0.023097
0.023718
0.022856
0.023349
0.023020
0.023452
0.023004
0.023135
0.022665
0.023571
0.023661
0.023103
0.023291
0.023517
0.023256
0.023725
0.023341
0.023513
0.023371
0.024034
0.023923
0.024100
0.023299
0.023731
0.023480
0.023741
0.024102
0.023785
0.023930
0.023764
0.023856
0.023943
0.023437
0.023972
0.023698
0.024226
0.024074
0.023915
0.023900
0.023574
0.023887
0.023809
0.023739
0.024039
0.023767
0.023667
0.024191
0.023441
0.023451
0.023415
0.023503
0.023865
0.022986
0.023415
0.023710
0.024059
0.023350
0.023785
0.023482
0.023070
0.023163
0.023350
0.023252
0.023150
0.023341
0.023856
0.023672
0.023159
0.023237
0.023643
0.024110
0.023103
0.023153
0.023449
0.023105
0.022891
0.023146
0.023235
0.022853
0.023290
0.023635
0.023511
0.023493
0.023379
0.023518
0.023174
0.023187
0.023206
0.022953
0.022860
0.023516
0.023208
0.023240
0.022945
0.023907
0.023536
0.023756
0.023294
0.023497
0.023175
0.022930
0.023494
0.023052
0.023124
0.023890
0.022573
0.023377
0.022978
0.023077
0.023153
0.022429
0.022848
0.023035
0.022869
0.022482
0.022846
0.022554
0.022411
0.022989
0.023175
0.023126
0.022922
0.022760
0.022531
0.022923
0.022927
0.022800
0.023027
0.023042
0.023062
0.022798
0.022938
0.022748
0.022917
0.022840
0.023086
0.022889
0.022846
0.022978
0.023030
0.022887
0.022934
0.022810
0.023332
0.022777
0.022955
0.022761
0.023086
0.022876
0.022238
0.022948
0.023076
0.023142
0.022896
0.023005
0.022841
0.022833
0.023526
0.022836
0.022864
0.022868
0.022652
0.023431
0.023165
0.023110
0.023900
0.023490
0.023014
0.023264
0.024001
0.023307
0.023365
0.023413
0.023206
0.022731
0.023222
0.023594
0.023348
0.023115
0.023394
0.024162
0.023305
0.023936
0.023785
0.023548
0.023411
0.023379
0.023535
0.023742
0.023312
0.023487
0.023578
0.023645
0.023377
0.023637
0.023702
0.023188
0.023187
0.023425
0.023861
0.023003
0.023207
0.023695
0.023453
0.023021
0.022991
0.023334
0.022986
0.023138
0.023423
0.022951
0.023044
0.023172
0.023065
0.023405
0.023183
0.023198
0.023228
0.023553
0.023098
0.023735
0.022712
0.023480
0.023652
0.022848
0.023336
0.023583
0.023329
0.023400
0.023228
0.023154
0.024477
0.023036
0.023167
0.023154
0.023299
0.023337
0.023374
0.023547
0.023488
0.022917
0.023505
0.023936
0.023198
0.023427
0.023926
0.024051
0.024154
0.023780
0.023668
0.024359
0.023811
0.023580
0.023854
0.023370
0.023806
0.023707
0.024439
0.023975
0.024217
0.024168
0.024144
0.024300
0.024253
0.024093
0.024209
0.024225
0.023755
0.023861
0.023830
0.024229
0.024235
0.024243
0.024178
0.023869
0.024290
0.024342
0.024138
0.023785
0.024585
0.024022
0.024543
0.024308
0.023661
0.024364
0.025405
0.023916
0.024025
0.023633
0.024605
0.023954
0.024473
0.025708
0.025028
0.024905
0.025341
0.025761
0.025782
0.024662
0.024351
0.025112
0.024994
0.025148
0.024603
0.024417
0.025035
0.024701
0.024532
0.024480
0.024191
0.024701
0.024081
0.025390
0.024871
0.024993
0.024886
0.025134
0.024471
0.025029
0.024593
0.024598
0.024240
0.024331
0.024034
0.023764
0.024214
0.024265
0.023731
0.023353
0.023576
0.023578
0.023737
0.023742
0.024177
0.023872
0.023881
0.023954
0.023132
0.023816
0.023765
0.023279
0.023805
0.023722
0.023185
0.023718
0.023339
0.023118
0.023381
0.023324
0.023685
0.023461
0.023407
0.023498
0.023833
0.023571
0.023343
0.023037
0.023300
0.023348
0.023150
0.023433
0.023759
0.023092
0.023547
0.023785
0.022745
0.023426
0.023368
0.023240
0.023241
0.023223
0.023484
0.023546
0.023191
0.023420
0.023605
0.023195
0.024006
0.023241
0.022738
0.023713
0.023685
0.023391
0.023347
0.022714
0.023608
0.023623
0.023111
0.022854
0.023476
0.023166
0.023150
0.023305
0.023191
0.022846
0.023410
0.023801
0.023042
0.023152
0.023641
0.023075
0.023366
0.022995
0.023695
0.023284
0.022974
0.023434
0.023537
0.023271
0.023112
0.023143
0.022944
0.023153
0.023623
0.023477
0.023178
0.023226
0.023010
0.023881
0.023219
0.022989
0.023347
0.023760
0.022629
0.023532
0.023456
0.023484
0.023173
0.023317
0.023119
0.023375
0.022901
0.023309
0.023482
0.023229
0.023366
0.023270
0.023182
0.023089
0.023331
0.023535
0.023067
0.023567
0.023090
0.022861
0.022889
0.023445
0.022936
0.023744
0.023095
0.023258
0.022844
0.023574
0.023278
0.023574
0.023172
0.023145
0.023222
0.023734
0.023762
0.023092
0.023077
0.023642
0.023502
0.023833
0.023921
0.024489
0.023369
0.023574
0.024114
0.024206
0.024104
0.023818
0.024354
0.023990
0.023605
0.024296
0.023508
0.023861
0.023736
0.024681
0.023683
0.023247
0.023856
0.023088
0.023346
0.023470
0.023646
0.023501
0.023570
0.024066
0.024097
0.023577
0.023627
0.024253
0.024109
0.023973
0.023868
0.024520
0.023710
0.023897
0.023393
0.023597
0.023257
0.023527
0.023839
0.023862
0.023642
0.023508
0.023612
0.023180
0.023537
0.023917
0.023741
0.023917
0.023197
0.023656
0.023441
0.023639
0.023508
0.024032
0.023706
0.023176
0.023483
0.024407
0.023736
0.023449
0.024200
0.023580
0.023900
0.023150
0.024080
0.023328
0.023403
0.024033
0.024067
0.023609
0.023767
0.023699
0.023642
0.023871
0.024487
0.023548
0.023858
0.024124
0.024087
0.023866
0.023743
0.023502
0.024003
0.023986
0.024366
0.024020
0.024128
0.024138
0.024644
0.024152
0.024019
0.024573
0.024039
0.024985
0.024011
0.024139
0.024804
0.024448
0.024289
0.024526
0.024565
0.025106
0.024648
0.024643
0.024842
0.025386
0.024656
0.025157
0.024608
0.025490
0.025077
0.025250
0.025601
0.026275
0.025112
0.025083
0.025380
0.025536
0.026149
0.025743
0.025444
0.025433
0.025919
0.026002
0.026050
0.026130
0.026109
0.026203
0.026976
0.026279
0.026453
0.026611
0.027682
0.026163
0.026000
0.026409
0.026335
0.026906
0.026744
0.026829
0.026407
0.027432
0.026115
0.026062
0.026356
0.026337
0.025228
0.025345
0.025523
0.024596
0.025424
0.024833
0.024402
0.025095
0.024598
0.024551
0.024496
0.025145
0.024409
0.024378
0.024828
0.024508
0.024432
0.024467
0.025034
0.024472
0.024818
0.024220
0.024804
0.023766
0.024212
0.024161
0.024580
0.024427
0.024256
0.025041
0.024510
0.024724
0.024097
0.023494
0.023717
0.023747
0.024324
0.023411
0.023476
0.023648
0.023757
0.023357
0.023233
0.023907
0.024058
0.023360
0.023169
0.023429
0.023615
0.023711
0.023411
0.023643
0.023420
0.024135
0.023834
0.023052
0.023625
0.023653
0.023653
0.023366
0.023584
0.023808
0.023889
0.023611
0.023570
0.023839
0.023493
0.023446
0.024173
0.023943
0.023065
0.024352
0.023674
0.023562
0.023499
0.024158
0.023699
0.023574
0.024000
0.023698
0.023982
0.023486
0.023831
0.023437
0.023310
0.023776
0.023439
0.023381
0.023323
0.023389
0.023244
0.023281
0.023747
0.023468
0.023135
0.023383
0.024101
0.023121
0.023352
0.023463
0.023918
0.023607
0.023336
0.022916
0.023960
0.022911
0.023401
0.023619
0.023318
0.023285
0.023262
0.022793
0.023250
0.023566
0.023207
0.023944
0.023127
0.023051
0.023444
0.023473
0.023130
0.023422
0.023578
0.022865
0.023381
0.022819
0.023470
0.023011
0.023050
0.023359
0.022763
0.023050
0.023328
0.023352
0.023331
0.023084
0.023475
0.023566
0.023297
0.023944
0.023661
0.023135
0.023223
0.023561
0.023541
0.023484
0.023317
0.023495
0.023814
0.023390
0.023386
0.023826
0.023609
0.024138
0.023780
0.023986
0.023569
0.023387
0.024074
0.023948
0.023768
0.023476
0.023541
0.023715
0.023762
0.023917
0.024384
0.023244
0.023680
0.024678
0.023360
0.023571
0.023875
0.023761
0.024009
0.024185
0.023693
0.023821
0.024255
0.023572
0.024211
0.023436
0.023359
0.023257
0.024038
0.023691
0.023554
0.023461
0.023197
0.023162
0.023373
0.023181
0.023309
0.023329
0.023572
0.022938
0.023244
0.023278
0.023359
0.023429
0.023143
0.023349
0.023448
0.023245
0.023296
0.023470
0.023484
0.023049
0.023094
0.023908
0.023295
0.023015
0.023121
0.023619
0.023390
0.023069
0.023403
0.023658
0.023070
0.023031
0.023254
0.023216
0.023283
0.022997
0.022838
0.023549
0.023355
0.023544
0.023335
0.023293
0.023485
0.023707
0.023249
0.023577
0.023473
0.023523
0.023293
0.023255
0.023894
0.023062
0.022975
0.022892
0.023243
0.023153
0.023207
0.023419
0.022513
0.022835
0.022868
0.023379
0.022916
0.022949
0.022599
0.023303
0.022925
0.022793
0.022658
0.023031
0.022781
0.022473
0.022937
0.022886
0.022573
0.022742
0.022689
0.022820
0.023041
0.024260
0.022962
0.023151
0.023008
0.023836
0.023150
0.023273
0.022903
0.023174
0.023993
0.023208
0.022402
0.023249
0.023605
0.022732
0.023094
0.023184
0.022923
0.023014
0.023257
0.022809
0.022915
0.022843
0.022851
0.023336
0.022324
0.023096
0.023295
0.022994
0.023110
0.023443
0.023125
0.023152
0.023248
0.023028
0.023467
0.023494
0.023741
0.024009
0.023583
0.023460
0.023723
0.023620
0.023541
0.023080
0.023560
0.024207
0.023545
0.023232
0.024268
0.023663
0.023732
0.023890
0.023338
0.023612
0.022886
0.024429
0.023501
0.023377
0.023983
0.024201
0.023208
0.023515
0.023718
0.023697
0.023149
0.023656
0.023508
0.023404
0.023216
0.023054
0.023777
0.023375
0.023292
0.023191
0.023536
0.022985
0.023331
0.023347
0.022608
0.023006
0.023442
0.023329
0.023080
0.022711
0.023619
0.023441
0.023431
0.023560
0.023084
0.023559
0.022990
0.023290
0.023756
0.023308
0.023523
0.023647
0.023662
0.023511
0.023395
0.023395
0.022928
0.023018
0.023595
0.023522
0.023640
0.023786
0.023263
0.023128
0.023330
0.023069
0.023304
0.023209
0.023035
0.023834
0.022787
0.023178
0.023199
0.023736
0.022804
0.023048
0.023683
0.023661
0.022838
0.023453
0.024032
0.023375
0.023556
0.023233
0.023143
0.023163
0.023518
0.023413
0.023336
0.023140
0.023186
0.023374
0.022910
0.023450
0.023334
0.023534
0.023229
0.023324
0.023424
0.023440
0.023679
0.023221
0.023234
0.023213
0.023099
0.023272
0.023736
0.023390
0.023174
0.023962
0.023124
0.022970
0.023322
0.023338
0.023769
0.023466
0.023187
0.023383
0.024212
0.022728
0.023346
0.023347
0.023458
0.023441
0.023638
0.023075
0.023050
0.023242
0.023530
0.023250
0.023257
0.023457
0.023431
0.023429
0.023186
0.023355
0.023157
0.022540
0.023333
0.023425
0.023431
0.023443
0.023189
0.022882
0.023137
0.023090
0.023777
0.023476
0.022996
0.023222
0.022989
0.022888
0.023396
0.022967
0.022647
0.022825
0.023447
0.023319
0.022897
0.022954
0.023023
0.023643
0.023180
0.023382
0.023121
0.023441
0.023159
0.023129
0.023637
0.023267
0.023446
0.023239
0.022834
0.023220
0.022955
0.023525
0.023349
0.023852
0.024218
0.024417
0.023583
0.022978
0.023637
0.023137
0.023082
0.023095
0.023749
0.023298
0.023077
0.023460
0.024091
0.022714
0.022917
0.023884
0.023073
0.023136
0.023118
0.023018
0.022946
0.022946
0.022739
0.023501
0.023487
0.023242
0.023347
0.023477
0.023633
0.023294
0.022828
0.022862
0.023453
0.023079
0.023017
0.023111
0.023158
0.022994
0.023126
0.023116
0.023073
0.023162
0.023228
0.023200
0.023215
0.023377
0.023586
0.023623
0.023525
0.022835
0.023231
0.023188
0.022983
0.023523
0.022999
0.023003
0.023523
0.023083
0.022979
0.022968
0.022883
0.023431
0.023200
0.023384
0.022709
0.023287
0.023111
0.023603
0.023812
0.023584
0.022867
0.023621
0.023553
0.023177
0.023224
0.023180
0.023036
0.023170
0.023446
0.022788
0.023261
0.023459
0.023140
0.023371
0.022769
0.022957
0.022876
0.022734
0.022865
0.022829
0.023325
0.022516
0.022895
0.022826
0.022961
0.022702
0.022859
0.022834
0.023198
0.023228
0.022924
0.023222
0.023192
0.023258
0.023071
0.022693
0.022608
0.023342
0.023048
0.023291
0.022728
0.023394
0.023239
0.023189
0.022698
0.023028
0.023483
0.023004
0.023652
0.023101
0.023054
0.023272
0.023374
0.023115
0.023264
0.023163
0.023220
0.023314
0.023024
0.023577
0.022996
0.023113
0.023544
0.023068
0.022995
0.022946
0.022904
0.023056
0.022974
0.023281
0.023515
0.023489
0.023062
0.023368
0.023190
0.022922
0.023081
0.023354
0.022899
0.022946
0.023423
0.023202
0.022775
0.022785
0.023078
0.023533
0.023168
0.022753
0.022939
0.023055
0.023040
0.022992
0.023094
0.022754
0.022780
0.023271
0.022869
0.022949
0.023001
0.022715
0.023027
0.022994
0.022829
0.023114
0.023268
0.022939
0.023032
0.023010
0.022866
0.022448
0.022956
0.023215
0.022820
0.022814
0.022853
0.023038
0.023155
0.022762
0.023264
0.022994
0.023100
0.022823
0.023005
0.022944
0.022841
0.022980
0.023048
0.022915
0.023046
0.022980
0.022892
0.022807
0.022975
0.022541
0.022368
0.022935
0.022756
0.023243
0.022824
0.022705
0.023154
0.023307
0.023166
0.022949
0.023191
0.022780
0.023186
0.023202
0.023010
0.023227
0.023369
0.023163
0.022955
0.022300
0.023161
0.022914
0.023571
0.022792
0.022956
0.023177
0.022973
0.023366
0.022941
0.023210
0.023356
0.023242
0.022955
0.022499
0.022891
0.023326
0.022637
0.022963
0.022975
0.023345
0.023235
0.023042
0.023247
0.023263
0.023067
0.023553
0.023334
0.023308
0.023082
0.023122
0.023787
0.023540
0.022789
0.023449
0.023563
0.023627
0.023278
0.023406
0.023579
0.023650
0.023557
0.023544
0.023901
0.023465
0.023703
0.023651
0.022936
0.023288
0.023551
0.023726
0.023694
0.023569
0.023581
0.023117
0.023287
0.023695
0.023617
0.022843
0.023657
0.023576
0.024156
0.023382
0.023427
0.023456
0.023854
0.023912
0.023678
0.023421
0.024035
0.023461
0.023885
0.023273
0.023709
0.023609
0.023166
0.023237
0.023424
0.023421
0.023340
0.024022
0.023644
0.022833
0.023467
0.023136
0.023228
0.023411
0.023480
0.023085
0.022894
0.023561
0.023332
0.023474
0.023418
0.023097
0.023423
0.023610
0.023473
0.022828
0.023391
0.023522
0.023305
0.023268
0.023698
0.023574
0.023594
0.023202
0.023656
0.023780
0.022970
0.023642
0.023515
0.023727
0.023310
0.023176
0.023571
0.023540
0.023261
0.023594
0.023311
0.023249
0.023215
0.023355
0.023345
0.023151
0.023290
0.023783
0.022987
0.023277
0.023527
0.023499
0.023404
0.023634
0.023517
0.023511
0.023328
0.023829
0.023733
0.023801
0.022947
0.023464
0.023362
0.023243
0.023543
0.023852
0.023558
0.023363
0.023471
0.023471
0.023551
0.024279
0.023207
0.024085
0.023834
0.023258
0.023384
0.023585
0.023774
0.024002
0.023691
0.023320
0.024210
0.023518
0.023761
0.023327
0.023771
0.023235
0.024506
0.023640
0.024103
0.023525
0.023693
0.024031
0.024276
0.023595
0.024237
0.023894
0.023998
0.023957
0.023600
0.023813
0.024007
0.024146
0.024543
0.025090
0.024207
0.024645
0.024611
0.024833
0.024469
0.024613
0.025137
0.024494
0.024311
0.024737
0.023985
0.025027
0.024227
0.024080
0.023802
0.024068
0.024248
0.023919
0.024242
0.024229
0.023665
0.024281
0.025120
0.024164
0.023848
0.024988
0.024963
0.024606
0.024601
0.024351
0.024190
0.024022
0.024291
0.024197
0.024110
0.023934
0.023467
0.023709
0.023631
0.023992
0.023527
0.023182
0.023441
0.023437
0.023788
0.023957
0.023641
0.024197
0.023602
0.023253
0.023615
0.023358
0.023341
0.024340
0.023299
0.024075
0.023491
0.022942
0.023594
0.023423
0.023385
0.023623
0.023846
0.022748
0.023179
0.023273
0.023598
0.023480
0.022750
0.024438
0.023200
0.023188
0.023382
0.023365
0.023318
0.023456
0.023508
0.023046
0.023142
0.023439
0.023633
0.023069
0.023641
0.023185
0.023344
0.023196
0.023029
0.023596
0.023540
0.023081
0.022988
0.023307
0.023203
0.023217
0.023510
0.022709
0.023102
0.022956
0.022862
0.022677
0.023264
0.022914
0.023732
0.022925
0.023095
0.022861
0.023464
0.023329
0.022915
0.023360
0.023403
0.023127
0.023027
0.023706
0.023392
0.022819
0.023731
0.023365
0.022893
0.023378
0.022825
0.023279
0.023690
0.023019
0.023397
0.023539
0.022630
0.023145
0.023234
0.022753
0.023330
0.023220
0.023423
0.022621
0.022799
0.023218
0.022702
0.023005
0.023446
0.023248
0.023091
0.023270
0.023205
0.023738
0.023162
0.023136
0.023859
0.023474
0.023168
0.023858
0.023460
0.023291
0.023743
0.023812
0.024118
0.023544
0.023346
0.023670
0.023693
0.023408
0.023721
0.023403
0.023776
0.024114
0.024211
0.024378
0.023940
0.023874
0.024781
0.023569
0.023546
0.024464
0.023940
0.023970
0.023415
0.023743
0.023691
0.023654
0.024034
0.023946
0.023452
0.024351
0.023147
0.023599
0.023403
0.023276
0.023312
0.023269
0.023391
0.023927
0.023490
0.023962
0.023569
0.023813
0.023116
0.023599
0.023353
0.022651
0.023128
0.023149
0.023463
0.023219
0.023470
0.023576
0.023472
0.023335
0.023221
0.023791
0.023259
0.023192
0.023407
0.024064
0.023224
0.023002
0.023094
0.023866
0.023020
0.023461
0.024459
0.023858
0.023283
0.023491
0.023503
0.023400
0.023169
0.023608
0.023843
0.023203
0.023314
0.023817
0.023477
0.023095
0.023715
0.023735
0.023218
0.024228
0.023438
0.023885
0.023729
0.023747
0.023253
0.023533
0.023927
0.022959
0.024129
0.023262
0.023440
0.023458
0.023232
0.023380
0.023685
0.023677
0.023648
0.022959
0.023565
0.023566
0.023409
0.023265
0.023795
0.023476
0.023372
0.023495
0.023716
0.023317
0.023995
0.023369
0.024109
0.023345
0.023429
0.023412
0.023613
0.023524
0.023124
0.023534
0.023857
0.023508
0.023897
0.023340
0.022842
0.023233
0.023728
0.023337
0.023329
0.022893
0.023119
0.023497
0.023619
0.023845
0.023544
0.023696
0.023424
0.023398
0.023993
0.023408
0.023152
0.023522
0.023792
0.023432
0.023944
0.024461
0.024108
0.024188
0.024756
0.024383
0.026867
0.025177
0.024854
0.027492
0.024539
0.024938
0.023944
0.024594
0.024208
0.023967
0.024033
0.023786
0.024798
0.023780
0.023836
0.024216
0.024200
0.024000
0.023745
0.023994
0.023665
0.023456
0.025367
0.023543
0.024395
0.023311
0.024018
0.023387
0.023488
0.023678
0.023375
0.022774
0.023514
0.023305
0.023674
0.023379
0.022993
0.023808
0.023330
0.023706
0.023519
0.023470
0.023191
0.023809
0.023773
0.023708
0.023347
0.023324
0.023303
0.023241
0.023600
0.023606
0.023546
0.023139
0.023494
0.023520
0.023216
0.022899
0.023335
0.023362
0.023925
0.023375
0.023894
0.023623
0.023800
0.024042
0.023358
0.023499
0.023286
0.024109
0.023569
0.023300
0.023580
0.023299
0.023511
0.023206
0.023720
0.024118
0.023495
0.023566
0.023696
0.023133
0.024031
0.023135
0.023981
0.023805
0.023028
0.024378
0.023652
0.023569
0.023182
0.023909
0.023571
0.023937
0.024479
0.023778
0.023564
0.023727
0.023836
0.023889
0.023848
0.023914
0.024327
0.023551
0.024009
0.023752
0.023873
0.023262
0.023874
0.024021
0.023736
0.023466
0.024093
0.023649
0.022996
0.023213
0.023405
0.023865
0.024095
0.023599
0.024095
0.023469
0.023793
0.023728
0.023305
0.023515
0.023501
0.024058
0.023708
0.023469
0.024509
0.023762
0.023553
0.023616
0.023637
0.023648
0.023479
0.023825
0.024326
0.023643
0.023642
0.023598
0.023529
0.023367
0.023881
0.023871
0.024200
0.023797
0.024020
0.023992
0.023659
0.023945
0.023881
0.023795
0.024013
0.024163
0.023513
0.023517
0.023961
0.023664
0.023817
0.023631
0.023359
0.023409
0.023409
0.023451
0.023576
0.023542
0.023578
0.023611
0.023959
0.024216
0.023889
0.023858
0.024074
0.024251
0.023675
0.023322
0.023793
0.023403
0.024058
