0.020518
0.029411
0.026719
0.026613
0.026513
0.025849
0.026563
0.025936
0.024649
0.024002
0.024004
0.024168
0.023751
0.024385
0.023360
0.022709
0.022893
0.022792
0.022531
0.022892
0.022712
0.022442
0.022439
0.023782
0.022909
0.023718
0.023273
0.023096
0.022231
0.022792
0.022743
0.022594
0.022715
0.022902
0.023180
0.022646
0.022670
0.023059
0.023235
0.022992
0.022610
0.022921
0.022493
0.022988
0.022628
0.022838
0.022408
0.023992
0.022769
0.023017
0.022951
0.022526
0.022858
0.023261
0.023132
0.022581
0.022665
0.022608
0.022956
0.022425
0.022762
0.022999
0.022837
0.022677
0.023105
0.022937
0.022630
0.022795
0.022925
0.022792
0.022309
0.023019
0.022739
0.022601
0.022883
0.022659
0.022201
0.022769
0.022647
0.022994
0.022734
0.022536
0.022535
0.022715
0.022419
0.022639
0.022621
0.022839
0.022325
0.022566
0.022957
0.023122
0.023545
0.022604
0.022957
0.022690
0.022560
0.023309
0.023036
0.022223
0.022656
0.022884
0.022401
0.023090
0.023621
0.023003
0.022348
0.023237
0.023067
0.022707
0.023158
0.023586
0.023137
0.023435
0.023897
0.023643
0.023283
0.023157
0.023271
0.023386
0.023603
0.022971
0.022945
0.023317
0.023632
0.022963
0.023115
0.023978
0.023104
0.023404
0.023369
0.023414
0.023502
0.023463
0.023398
0.023708
0.024687
0.024075
0.023665
0.023234
0.023112
0.023361
0.023278
0.023055
0.023210
0.023296
0.023218
0.023210
0.022847
0.023202
0.023266
0.023304
0.022992
0.023465
0.022932
0.022837
0.023153
0.023028
0.022893
0.023744
0.023030
0.022965
0.023119
0.023324
0.022997
0.022943
0.023008
0.023043
0.023811
0.023151
0.022538
0.022840
0.023834
0.022975
0.022867
0.023571
0.022517
0.022714
0.023437
0.023041
0.022546
0.023442
0.022935
0.023401
0.022784
0.022693
0.022928
0.022764
0.022518
0.022749
0.023346
0.023085
0.023162
0.022722
0.023020
0.022713
0.022804
0.023552
0.023012
0.022660
0.023174
0.022920
0.022763
0.022502
0.023173
0.023410
0.022707
0.022631
0.022523
0.022689
0.022978
0.022401
0.022833
0.022364
0.022436
0.023153
0.022380
0.022260
0.022586
0.022421
0.022730
0.022656
0.022367
0.022740
0.022796
0.022641
0.023346
0.023105
0.022384
0.022495
0.023010
0.022718
0.022858
0.022670
0.022717
0.022890
0.023174
0.022581
0.022654
0.022985
0.022650
0.022555
0.022562
0.022617
0.022447
0.023005
0.022521
0.022712
0.022130
0.023752
0.022579
0.022628
0.022699
0.023435
0.023046
0.022692
0.022337
0.022750
0.023458
0.022669
0.023167
0.023305
0.023807
0.023500
0.023433
0.023494
0.022867
0.023234
0.023172
0.023641
0.023489
0.023471
0.023753
0.023379
0.023450
0.023046
0.023580
0.023451
0.023534
0.022837
0.023433
0.023224
0.022996
0.023959
0.023754
0.022996
0.023164
0.023116
0.022921
0.023088
0.023015
0.022806
0.023450
0.023181
0.023477
0.022823
0.023209
0.022939
0.023209
0.023372
0.023136
0.022891
0.022930
0.022807
0.022957
0.023106
0.023071
0.022786
0.022500
0.022412
0.022922
0.022822
0.022200
0.022806
0.022722
0.022894
0.023030
0.023342
0.022976
0.022919
0.022860
0.022726
0.023330
0.022660
0.023144
0.023110
0.023021
0.022566
0.023405
0.023198
0.022767
0.023006
0.023141
0.023411
0.023109
0.023080
0.023625
0.023066
0.023078
0.023622
0.023916
0.022898
0.023285
0.023250
0.022913
0.023235
0.023337
0.023458
0.023486
0.023006
0.023222
0.022839
0.022859
0.023267
0.023175
0.022724
0.023690
0.023548
0.022465
0.023368
0.022927
0.023252
0.022760
0.023642
0.023038
0.023432
0.023803
0.022583
0.022578
0.023031
0.022794
0.022961
0.023049
0.022926
0.022838
0.023228
0.022967
0.023399
0.022924
0.023094
0.023131
0.022749
0.022804
0.023132
0.022922
0.022745
0.022596
0.022801
0.023173
0.023016
0.023174
0.022912
0.022904
0.023029
0.023059
0.022906
0.022845
0.022960
0.022860
0.022969
0.022860
0.022877
0.023084
0.023110
0.023352
0.022860
0.023068
0.022904
0.022780
0.022966
0.023220
0.023256
0.023956
0.022950
0.022921
0.023259
0.023029
0.023618
0.022669
0.022892
0.022985
0.023300
0.022476
0.022912
0.023944
0.023668
0.022658
0.023199
0.023097
0.023546
0.023415
0.023082
0.023269
0.023365
0.023073
0.023098
0.022944
0.022734
0.022765
0.023342
0.022803
0.022711
0.023300
0.022565
0.022366
0.022854
0.022668
0.023268
0.022589
0.022761
0.023279
0.022812
0.022466
0.022629
0.022584
0.023430
0.022995
0.022661
0.022626
0.022498
0.022820
0.022751
0.022624
0.023073
0.022859
0.022514
0.023098
0.022482
0.023084
0.022851
0.022591
0.022572
0.022859
0.022684
0.022623
0.022710
0.022665
0.023425
0.022914
0.022481
0.022575
0.022964
0.022371
0.022753
0.022728
0.022342
0.022510
0.022393
0.022704
0.022288
0.022523
0.022634
0.022927
0.022713
0.022836
0.022471
0.023194
0.022556
0.022587
0.022848
0.022879
0.023386
0.023074
0.023085
0.022732
0.022853
0.023066
0.022691
0.022683
0.023113
0.023053
0.022932
0.022885
0.022628
0.022813
0.023050
0.022971
0.022131
0.023062
0.023003
0.022680
0.022675
0.023009
0.022682
0.022793
0.022799
0.022650
0.022918
0.023032
0.022197
0.022645
0.023303
0.022824
0.023016
0.022773
0.022451
0.022397
0.022667
0.023163
0.022732
0.022640
0.023877
0.022669
0.022169
0.022257
0.022729
0.022257
0.023092
0.022846
0.022331
0.023170
0.022628
0.023012
0.022996
0.022798
0.022996
0.023057
0.022857
0.022976
0.022966
0.023118
0.023457
0.024155
0.023783
0.023625
0.023051
0.023809
0.023751
0.023346
0.023039
0.023608
0.023342
0.023455
0.023137
0.023650
0.023297
0.022920
0.023065
0.023594
0.023073
0.023508
0.023775
0.023307
0.022889
0.023510
0.023527
0.023376
0.023480
0.023196
0.023478
0.022969
0.023462
0.023553
0.022835
0.023485
0.022885
0.023177
0.023089
0.022911
0.022920
0.023026
0.022799
0.023535
0.022595
0.022894
0.022769
0.022777
0.022884
0.023020
0.023160
0.022827
0.022911
0.022900
0.023408
0.023775
0.023458
0.023032
0.023374
0.023161
0.023170
0.023687
0.022947
0.022586
0.022983
0.023055
0.023485
0.023276
0.022990
0.023350
0.023258
0.023012
0.023304
0.023042
0.023465
0.022998
0.022842
0.023218
0.023422
0.023063
0.023124
0.023045
0.023462
0.022982
0.023265
0.022866
0.023427
0.023212
0.023158
0.023071
0.022803
0.023220
0.023309
0.023284
0.022801
0.022919
0.023380
0.023388
0.023291
0.023526
0.023743
0.024125
0.023336
0.022744
0.023404
0.022960
0.023505
0.023628
0.022867
0.022950
0.023555
0.022800
0.023463
0.022622
0.023274
0.023297
0.023057
0.023572
0.023590
0.023451
0.023586
0.023659
0.023554
0.023805
0.023588
0.024653
0.023658
0.023935
0.024261
0.023879
0.024050
0.023830
0.024087
0.024196
0.024516
0.024240
0.024223
0.024088
0.023775
0.024124
0.023493
0.024359
0.024077
0.024343
0.023629
0.024510
0.024047
0.023977
0.024266
0.024175
0.024217
0.024073
0.023228
0.024193
0.023598
0.023775
0.024094
0.024036
0.023553
0.023353
0.023996
0.023169
0.023933
0.023183
0.023203
0.023901
0.023156
0.023555
0.023253
0.023388
0.023183
0.023489
0.023226
0.023046
0.023073
0.023465
0.023408
0.024201
0.023345
0.023269
0.024411
0.023620
0.023059
0.023754
0.023449
0.023259
0.022932
0.023226
0.023025
0.023493
0.022925
0.023314
0.022945
0.022985
0.023205
0.022947
0.022888
0.022718
0.022867
0.022838
0.022762
0.022764
0.022995
0.022829
0.022573
0.022713
0.022881
0.022944
0.023023
0.022443
0.022983
0.022607
0.022442
0.022694
0.022899
0.022747
0.022591
0.023363
0.022954
0.023150
0.022773
0.022544
0.022635
0.022513
0.023011
0.022917
0.022960
0.022292
0.022501
0.023093
0.022797
0.023318
0.023065
0.023004
0.022766
0.022350
0.022970
0.023087
0.022980
0.022706
0.022735
0.022852
0.023271
0.023079
0.022904
0.022842
0.022759
0.023077
0.022855
0.023322
0.022474
0.022855
0.022858
0.023200
0.022754
0.023469
0.022837
0.022508
0.022811
0.022931
0.022941
0.022799
0.023846
0.023378
0.022453
0.023070
0.023156
0.023038
0.023133
0.023159
0.023129
0.023163
0.022952
0.024094
0.023036
0.022764
0.024257
0.022989
0.022487
0.022746
0.022980
0.024107
0.022634
0.022942
0.023192
0.023241
0.023240
0.022952
0.022822
0.023057
0.022778
0.023137
0.022529
0.023454
0.023397
0.022696
0.023607
0.022850
0.022783
0.023259
0.023178
0.022954
0.022936
0.023577
0.023164
0.023101
0.023561
0.023767
0.023286
0.023461
0.023458
0.023520
0.023938
0.023438
0.023194
0.023648
0.023721
0.023506
0.023722
0.023292
0.022816
0.023365
0.023605
0.023848
0.023276
0.023686
0.024114
0.023455
0.023536
0.023896
0.022959
0.023150
0.023467
0.023100
0.023386
0.023297
0.023840
0.022974
0.023154
0.023440
0.022840
0.022834
0.022814
0.023032
0.022784
0.022570
0.022953
0.023289
0.023114
0.022828
0.023275
0.022914
0.023375
0.023448
0.023084
0.023595
0.023415
0.023723
0.023219
0.023876
0.023466
0.023643
0.023063
0.023586
0.023092
0.023342
0.023064
0.023654
0.023761
0.023067
0.023160
0.023628
0.023363
0.023170
0.022837
0.023174
0.024196
0.022981
0.023410
0.023230
0.023690
0.023477
0.022702
0.024041
0.023217
0.023167
0.023296
0.023045
0.022680
0.022581
0.023157
0.023100
0.023689
0.023109
0.022882
0.022995
0.023279
0.023278
0.023555
0.023024
0.023174
0.023339
0.023057
0.023258
0.022995
0.023388
0.023532
0.023114
0.023390
0.023616
0.023863
0.022984
0.023062
0.023297
0.022776
0.023030
0.023058
0.023015
0.022888
0.023277
0.023504
0.023559
0.023234
0.023135
0.022719
0.023459
0.023118
0.023692
0.023099
0.022490
0.023449
0.023476
0.022801
0.023623
0.023009
0.023234
0.023035
0.023447
0.022763
0.023261
0.023284
0.023490
0.022915
0.022784
0.023237
0.023654
0.023310
0.023515
0.024260
0.023752
0.023305
0.023039
0.024269
0.023798
0.024174
0.023555
0.023752
0.023341
0.023360
0.023436
0.023395
0.024116
0.023575
0.023651
0.023381
0.023524
0.023166
0.023934
0.023870
0.023947
0.023957
0.023647
0.024224
0.024987
0.023698
0.024095
0.023901
0.023512
0.023631
0.023201
0.023876
0.023730
0.023208
0.023303
0.023512
0.023778
0.022744
0.022832
0.023537
0.023503
0.023190
0.023785
0.022956
0.023697
0.023096
0.023537
0.023592
0.023285
0.023272
0.023186
0.023377
0.023657
0.023208
0.023745
0.023465
0.023399
0.023500
0.023623
0.023167
0.023221
0.023264
0.023435
0.023203
0.023476
0.023625
0.023350
0.023000
0.022932
0.023246
0.023234
0.022618
0.023353
0.023502
0.023949
0.023251
0.023518
0.023377
0.023526
0.023568
0.023233
0.023141
0.023307
0.023223
0.023350
0.023190
0.023815
0.023621
0.023461
0.023208
0.023142
0.023218
0.023238
0.023203
0.023772
0.023301
0.022964
0.022932
0.023056
0.023260
0.023374
0.023297
0.022745
0.023057
0.023248
0.023794
0.022692
0.022918
0.023635
0.023100
0.023251
0.022936
0.022856
0.023620
0.022969
0.023326
0.022661
0.023501
0.023402
0.023342
0.023149
0.022974
0.023255
0.023622
0.023267
0.023427
0.023441
0.022913
0.023385
0.022930
0.022993
0.023431
0.022963
0.023369
0.023424
0.022963
0.022978
0.023431
0.022942
0.023108
0.022695
0.022592
0.023468
0.023349
0.023370
0.023146
0.023031
0.022622
0.023127
0.023312
0.023455
0.023687
0.024059
0.023951
0.023752
0.023724
0.023862
0.024248
0.024151
0.024015
0.024330
0.023206
0.023700
0.024158
0.023514
0.023496
0.023477
0.023471
0.023929
0.023560
0.023586
0.023102
0.023671
0.023145
0.023489
0.023482
0.023385
0.022906
0.023325
0.023409
0.023299
0.023453
0.023502
0.023542
0.023419
0.023323
0.023466
0.023268
0.023233
0.023271
0.023423
0.023243
0.023063
0.023588
0.023302
0.023685
0.023535
0.023413
0.023637
0.023312
0.023390
0.023510
0.023176
0.023689
0.023656
0.023238
0.023300
0.023485
0.023665
0.023555
0.023315
0.023775
0.023391
0.023561
0.023127
0.023228
0.023277
0.023411
0.023868
0.023134
0.023662
0.023063
0.023168
0.022732
0.023438
0.023418
0.023635
0.023718
0.023286
0.023224
0.023826
0.023531
0.024298
0.023505
0.023245
0.023847
0.023904
0.024023
0.023444
0.023668
0.023737
0.023605
0.023409
0.023391
0.023723
0.024255
0.023364
0.023725
0.023817
0.023179
0.023762
0.023251
0.023498
0.023920
0.024093
0.023322
0.023455
0.023988
0.023781
0.023728
0.023641
0.024393
0.023164
0.023672
0.023148
0.023781
0.023702
0.023379
0.023917
0.023631
0.023082
0.023255
0.023316
0.022787
0.023334
0.023702
0.023427
0.023878
0.023206
0.023436
0.022977
0.022940
0.024181
0.023118
0.023365
0.022812
0.023358
0.022873
0.023067
0.023462
0.023062
0.023427
0.023335
0.022630
0.023203
0.023520
0.023596
0.022989
0.023518
0.023206
0.023335
0.023173
0.023457
0.023283
0.023710
0.023536
0.023133
0.023379
0.023647
0.023800
0.023692
0.022797
0.023514
0.023899
0.023467
0.023397
0.022856
0.023160
0.023171
0.023802
0.023249
0.023330
0.023293
0.023995
0.023966
0.023317
0.023643
0.023421
0.023886
0.022871
0.023233
0.023978
0.023194
0.022975
0.023232
0.023090
0.023189
0.023147
0.023263
0.023911
0.023461
0.023051
0.023085
0.024101
0.022389
0.022739
0.023838
0.023217
0.023602
0.023254
0.023353
0.023353
0.023083
0.023171
0.024084
0.022851
0.022789
0.023243
0.023144
0.022622
0.023224
0.023124
0.023169
0.023572
0.023419
0.023381
0.023369
0.022990
0.023485
0.023113
0.023052
0.023094
0.023076
0.022652
0.023333
0.023660
0.023205
0.023256
0.023104
0.023456
0.023364
