198.5,214.5,34,81
194.9718171911013,213.5406283661311,35.74927295117142,79.86180128165381
193.18799946897894,213.65367856857668,37.11904577029407,79.13068443064907
190.81424291157606,214.52400575295576,38.0180812830948,78.142359530618
189.28339361268613,215.32027637975443,38.18638707958991,76.57892446558614
187.28960261464985,217.53339979695966,38.07032327411825,74.70097718218587
186.1335723524831,222.6406049792364,38.60221288094078,71.78000000702444
182.88331706613639,226.72812306501118,39.80628142177388,68.80568176150031
181.16582564413036,231.55129390902053,40.91479722858496,67.1257077950392
181.90149975001256,232.9305397954135,41.34003090501942,66.34916392111802
184.3375280191134,232.98303697801543,41.191300096187895,65.53234919191576
188.5224378040527,234.5982677258196,40.90244270740061,66.41064471535034
191.15148317162542,233.81459558002035,40.31276990285819,66.4171225318436
190.72286618381852,232.0691220366014,40.17501317202818,66.91104317520004
189.09427639034206,230.47948760532125,40.678273872796396,67.17932704477936
180.87617715164225,225.26306460080082,44.25337596805489,63.02658173759711
212.1143450592539,214.19820699402123,46.65973821191362,61.3979751890713
213.9649124575219,214.52573227821907,47.11511376846601,61.48618679242096
211.4920908260674,213.7652988943741,46.51712118619071,63.71409470448188
207.48395768646117,213.64322976692392,46.970921797678585,64.86018075572704
205.37757440304986,213.79145552988658,49.09153600739971,63.45557886683328
208.10702131285166,216.65885898341315,50.989888586721946,62.67669599389875
208.32337621637188,220.12151583619752,52.78616599663091,62.15891831814571
211.05429142989593,227.87551182626493,52.55459403439607,64.22629712658514
220.1817405318161,230.5236233474563,53.171321730824296,65.81627785007151
221.03808976293223,232.06613357519137,52.79891774891579,67.62183804874562
222.28052857760835,233.29782316746576,48.59028952828548,72.61839166830454
224.195824158929,233.03471189593193,46.26086625905391,75.00151621466047
232.35147582740336,231.37936851950352,44.568171396836654,77.45544669758549
235.18870407975183,229.89474775153212,43.7713880412486,78.54768635192886
242.8007895564455,228.11037430913794,43.18766756546135,79.63806233179476
245.4977874837999,226.60165749613557,44.600718124174215,79.55417330689005
250.99099376986706,225.34294129420388,45.59458452085088,81.73039162016771
252.76586235997922,224.7846569072829,46.795719475788935,81.78874382220184
255.76068955758453,224.4568342709598,48.23932456773041,83.09793650104463
259.62350373670864,225.0916687985624,49.07199718146707,85.09200893906451
263.2139345627159,224.48862358664132,50.42715008633732,85.7586055040924
266.4028973285049,226.37505410053802,51.29547518418441,85.18470001218772
269.4327458059898,228.6570149030581,51.88826455352492,83.56084855943024
273.37529498775206,230.231445868856,52.86597537121371,81.94359532858671
278.24321985617854,231.1343703895867,52.82770978658243,80.04117646588682
282.33548460201564,233.42256284894376,51.92786352244733,78.71556163918316
286.47702701674734,233.8271090048882,50.25667759206231,78.04791812308973
287.73742911834233,234.1090974413191,49.009861993417914,77.5036782927146
288.04538882951414,233.7110629393684,48.06105262675926,76.47299892549175
287.299248363977,233.18570166754353,46.945954121340776,76.1769675142541
286.13678158267527,233.66273771473817,46.02656443031252,76.75118235376375
287.13929899609343,231.7498036194233,45.74387507485838,76.14175400890159
286.33740059868865,232.21089126155744,45.209632280739676,77.13250086856941
286.15285867586937,230.97016319092464,45.09320032327958,77.69553752951124
285.8998972452886,229.92433726263687,45.42895555949063,78.8142534114888
283.7455265846139,228.5038549014547,45.680176014446005,81.20041246168446
281.6231703813639,226.40076466407984,46.526062298662204,81.91243752948223
280.83382293687373,225.85102475165039,47.16829085139214,81.55081772970738
278.86998508395106,225.27128106496446,47.91965458748041,81.38710785748142
277.53515876609606,225.28320316409065,47.54243770681777,81.82771360134097
276.78427695003575,226.11722064298866,46.80963178937776,82.75659174283392
274.88078010298403,227.587402251419,45.36933201119118,84.2152224949368
273.9638100269829,229.6645732430303,45.599393069069635,84.87909302086953
272.3046738996758,231.64085303588297,47.163432797858356,84.28648660021847
264.9372059608552,232.6467235393009,49.17109187343661,81.80809698493654
263.4229648767883,234.1697918243098,50.90068523904202,80.04183438208943
256.34023858412036,235.44132973835522,52.371887717566324,77.85983291222347
251.76640767466253,237.7342913507088,56.048404383436335,74.49340331506454
244.52557332051487,238.7324432991393,58.18271057342109,71.74462868646827
240.70705128305687,243.13466608212084,57.99872879994844,70.53190417839706
235.21846521406982,241.4913334094034,57.75280218303971,69.46754394247208
227.0726378857682,242.40437476841387,57.34984052189395,69.34660920609478
222.9667223683474,243.72606111839167,57.78569728305389,69.0754722811331
219.10897955068117,245.83741525029552,57.64220273955335,69.23349941466427
213.36303240349264,243.68450540557384,57.614843303156505,69.8375209035003
208.77932361482752,243.96989563268136,57.22421167852141,70.27690697512608
204.0847685662189,243.4476450461677,57.2344460433167,70.02701878104978
195.3071683118876,241.14385539069832,58.490271017921735,68.59247429743287
187.5167937529625,239.76878783553016,59.58486271847454,69.39310407863711
179.01750256674796,238.64846353552946,59.75200702632843,70.32818982482536
173.8826402243373,234.54140406731204,58.03826174807603,71.42298312344282
168.77318692646054,234.14113944697746,56.2218623669619,72.29118325331076
163.58940081475114,236.11187999563785,55.8341293001585,72.27820805351193
159.12986862030917,238.31908331194333,56.296615434342755,71.56586164352672
157.10092400265992,239.52581490311195,58.24279626700759,70.70653914817834
154.83936925343025,239.5065009906395,61.65514042752289,69.80772401476827
142.80340527040556,236.4410846894763,59.18797346864549,73.14952964146295
139.06259379365818,231.2023480154719,55.79585145754066,77.35470894497715
132.68565289753894,227.59421488901762,53.514371006126765,80.35180272016353
131.63861175457168,224.13923190430722,52.72802855413099,81.21095167679744
128.55868899664037,220.83994288676053,51.561976853196754,81.2745565673596
126.48466149506314,219.56965607581628,49.80645548229728,81.05441804248905
124.21998288003438,221.183770764444,47.10366644923224,82.61857615073775
120.56615218134257,221.6736721092619,44.622911937802385,85.4124992091641
116.29212737249676,222.19117076402966,44.106020149244,85.71283095541472
113.81266691089866,220.2818733858056,43.84459700582034,84.73719477390506
111.04419120768799,219.7142918603559,43.84781409064743,85.47548670506686
110.19925101238996,217.01285461383335,45.19863545619428,85.84859606902255
109.4966846973194,215.24307473434214,46.89720428576206,85.7659834723531
108.60106691002744,213.22354866337326,49.24306179523671,84.36417581967416
106.61695066707821,211.2104621194365,49.678902256141285,82.77962159736705
105.03596248726521,210.07169521072223,48.53730071583442,81.84527520773386
102.78534848713375,210.03449936020576,47.31345108700799,80.41853787758541
102.0601652278671,210.23745280111956,46.14815813021474,80.33879086042191
102.27538020877675,208.9001100021523,46.52833917799322,80.67791279868845
104.11236514055096,207.6655585636212,47.337649496329554,81.05443774148553
106.38564878378918,204.3452160969807,47.845188922194446,80.07562823659514
108.76141813885934,202.40671623066555,48.29868113017544,80.72456748529294
111.0081217369223,201.02451185221622,48.20248453204147,84.01647180522184
114.31061434318224,199.1334919549646,47.758654066530895,85.3778592101987
118.94857651706653,196.94844013337766,46.93864803083507,87.04223360723306
122.00871898137744,195.20890371136073,46.218079479471534,86.95805924743999
124.23007909042126,195.85820409073827,45.41011701857079,88.00927218840724
127.29386234609385,197.28413905631788,44.28514640871488,91.52828572206123
131.2329390514921,196.48894405956372,42.86919697741051,95.5796194144526
135.63775130369075,195.00408668598135,41.351559415304514,97.68188148055273
139.7901877443639,189.4567697056915,40.87304485228708,95.96863980789271
144.05324502156367,187.4237226940373,40.08042601016777,95.73008018663934
147.02694538618837,186.0551519746199,39.992188088382974,96.9962054568798
149.898643422426,184.1647259060932,39.852759205696515,98.70294470178231
157.32443315960134,182.19404862320675,40.662697828269685,98.58708643796538
157.38597511382534,181.66452857211453,40.64147994157403,97.81738355919273
159.37628535592987,182.23462628099668,40.28925334583853,98.39941488035825
161.4940519302424,181.7579970889209,39.892351350320126,99.0211157820288
164.40168714346112,182.05720791100248,40.110830504265984,100.00753002482085
171.5922631992633,180.96225368607224,40.201680422080614,101.47015243389839
173.97242184284093,177.66045317280475,41.753780165259776,99.95029936650033
176.52262588488355,174.14321439836527,43.187660010709436,96.76268333322591
178.53432948249764,173.33432768653915,43.555145321127036,98.20857543878586
181.12253152305246,173.60974912941546,44.15829560708285,100.16885930970129
183.9336476756704,172.8574983263377,44.65699588088751,103.10581693239735
186.81756077296697,172.35749571668208,45.564716809249646,104.17951830308435
188.96117236069972,171.61772333943082,45.45295540288815,104.46603877989983
192.01771865133813,171.4858207171748,45.28126954844849,102.99863283895654
196.02485944989064,171.48908567372774,43.977691324298796,101.9078443694847
199.8692601225158,171.26226804189525,42.60910138957091,101.34329473286581
202.40315140581419,169.96877085891992,41.230646778220134,99.38831073959412
204.12057679052904,168.47989845636994,40.25956973620744,97.5864320362407
206.27569073552036,167.89143197716518,40.28043754172042,97.49763795149835
207.94065668344362,166.93463123717183,40.858661563995234,97.94049494086158
209.1554626236746,164.62204817807805,41.100559426270095,99.4628256422553
209.7670326472304,163.0059096314606,41.96767869274187,99.95497684094371
209.67826944087543,162.62443525822832,42.93963548055099,99.82387922119354
210.6752214717526,162.45363389023515,44.35970570392237,99.39065030453855
211.85258080005755,162.54453353567288,45.399945304987625,99.06101620602871
213.18523523505917,161.19665642227937,45.81034530110381,98.88019472442646
214.4429666097774,158.94344922246358,45.458231464860106,97.43890385519819
216.7295845571646,158.597959148201,45.07908402910054,96.00636529835532
218.5312607058457,158.92801126278562,44.326897980059854,94.59104572237285
220.02762379438622,155.88543381499707,42.88862589118994,93.65030931393385
222.3700795246031,157.70526319315292,42.82303291601612,90.51994631920738
223.0854333270809,158.92874064089094,41.88752254759849,89.38461285126739
225.57466029145115,158.30670478569988,41.57029393776671,89.15346352378481
227.80944141750126,158.6178394799183,40.62604697039544,88.95268122831973
229.75697197860717,158.52081285683613,39.81497952150826,88.46375650006928
232.22991490485367,158.70880928687018,39.794193518716156,88.68660143287455
233.79098328483963,160.45725545346357,40.42108210359286,88.44993749514978
234.3371532243169,162.15860317410534,41.38161535925138,87.63870967280853
236.43443576926865,163.75967741063823,41.981643126708704,85.34074005754611
238.40303499139063,164.85826749594648,42.03629768119827,84.75210399818145
241.28756505314539,165.66147688413858,42.623557462016144,84.71115770543219
242.61594043036894,163.00530142027395,43.61405163783638,86.23828538754069
243.7066212539604,160.6766561183574,44.540824021949234,87.40674876282763
244.3077753848055,159.5569904969172,45.174207808331865,88.75677775198494
246.95817483329205,158.37557813852655,45.810887453686604,90.25257637814428
248.84113667579643,157.53706073859496,46.59218542929186,91.67063412245783
249.11787251591392,157.39182162120892,46.350260104542805,92.66388837203479
251.08966703697703,158.01508492440541,45.73956848711446,90.79720094754178
254.5083117287904,157.17111857937485,44.08199426004292,89.30465625685036
257.8745693096853,156.61299666650922,43.228733439378615,86.25841162204087
260.72034331772113,155.7894073432961,42.34087156527471,84.11131379256075
264.1663470768457,157.16813374547806,41.819034163450176,83.3987554450602
266.43603931546664,157.92210449429612,40.81386108337927,83.80800390313544
268.727876836523,159.81789503500494,40.66532331314756,82.47936446829374
270.9490057268641,160.40737219678624,41.06411758782442,81.16382760624558
273.21659124302465,161.1210836800288,41.27184835756624,80.20461447266723
274.61459977951404,162.1371898570336,41.96954299456367,80.0480431070075
275.8524054551813,161.54487875713505,42.963311545115104,81.41798154163163
276.9468283980743,161.500756957893,43.206418135830646,83.88490465404703
276.9119391824996,160.90407323551875,44.36341914312125,86.33868002344767
277.2509590245633,159.7986764349509,45.5793441072407,88.50132214641204
276.45124816599196,157.91126281089856,46.820126554316204,90.26044881582706
275.1807012385865,158.65818454391322,49.70738719865885,90.2491169893928
274.0077673106656,159.01786406167474,49.919529888179824,91.42646119712535
273.74146181584575,157.84915298859806,50.29000484464211,92.80400197797954
275.4020891923493,157.022428991217,50.469262929998706,93.95924943696741
276.0618071177769,156.38380650590244,50.19066698965068,94.2145160293006
277.1804410633191,155.28445772894042,48.04944512908763,94.75273689865432
277.32823320942447,150.9019586578865,44.3045862969294,96.28203729448532
278.2333185316941,147.51667705018963,41.14227546417295,96.11199773049063
279.1244237887517,148.58456733357016,39.37370435170222,93.63000042550554
279.568375929003,148.30924435819372,38.30585735901179,90.6963598295513
281.6603359004689,149.8609733176154,37.40628733444556,88.55492820875406
282.38238746902783,149.22203323430682,36.83354592981059,86.05712091924019
282.4388764883,150.7224997487463,36.6753344851397,83.79573770601603
282.56633741665024,150.91991495659124,36.57774694123587,82.95693115626432
283.053978986211,152.95697040580572,37.36281545998176,82.22571528881072
284.2025408369451,153.503267805304,37.149920989394275,82.43975384304748
285.3315370862678,152.45722774804545,36.126462515941135,83.68872321737976
285.9637151576479,153.20590091349902,35.308370044102226,83.66518410216327
285.921388197112,154.22971998197818,35.506012809688045,82.83498227883409
285.61930919363107,154.85414436311476,36.57500786112732,81.65496136171717
285.24231126041684,155.71921221151223,37.153657323241774,81.23026764051579
284.79706662298145,157.54567449224277,37.02277082277537,81.84078178068432
284.4631836750532,156.57288879142635,37.038010816837456,80.50322539758817
284.54320329354516,155.2972967776494,35.97813486081739,79.81264559495715
284.45014819387274,157.57743436743922,35.06634943790879,79.1335285288571
285.8281707152763,157.68467929930114,35.596549264333845,78.69883295579507
286.469117683842,156.64020995546633,36.73831417501128,77.4126691234757
287.35823152335894,155.10723961696021,37.49657669792745,78.29006290450707
287.9086047668485,154.89082553918036,37.627791580462834,80.36345156784112
287.68748462056624,155.0301059416468,37.88903162542964,82.00654737148977
288.04562920973547,156.72288873876488,38.1481161324512,83.2026577835708
287.8990788594306,157.79733420154548,38.41256093337238,83.99481810274527
288.0812714100478,158.07186637683571,37.970391055450236,85.01691168444634
287.5692483348296,158.42741930805968,38.4423023940085,84.24691529674676
287.14073621224975,159.3437042798867,38.00130794524415,85.57268938347292
285.13493291022155,159.67943174457662,38.07916368145692,86.46968585866468
282.8759056539106,160.6485517705879,38.25787035472343,87.85548860373073
281.7312847231451,159.99249234629565,37.25943612029191,89.33633338992013
281.16976901999317,159.72186163659643,35.536579150359735,90.4268464253197
280.77091306281676,160.01249670964216,34.706908190223764,91.55923771149446
280.0268785688681,159.77478215239387,34.01192130043559,92.55534564421693
279.2653804734931,159.29617312548208,33.868991392362034,93.63056299840119
279.6517421229059,160.51428514089866,33.696457242916196,93.27561204648643
280.5989508587517,161.94563305315708,34.415315537597124,92.99636773144533
280.22254921353993,164.7666032306453,34.76731979199478,92.68113950796915
278.3888010830926,166.99544082103677,34.86478870151005,92.7483723929821
277.0376391745219,167.54687448792498,35.05152757297266,93.37547563358461
274.58000845542057,167.84221761999748,35.49663854044174,93.74210868868781
273.45625793207876,168.40675761665904,35.57968083544685,94.00758795954775
271.9157194479542,169.6778321014769,35.50554873921239,94.33482613972282
270.17598873413255,171.50449516803354,35.69346072265705,94.59355907528936
269.0840099281644,171.14954664642602,34.950342948545945,94.79071580449761
267.7748304552723,169.85981517211553,34.184534223126576,95.16718965170865
266.45965816954697,168.84025032654904,33.20243034067407,95.89120710967973
264.06634537253524,167.74095365193256,32.116007152348864,95.9783352432297
261.90340872805876,166.34293307989697,31.86759350358816,94.61855363339463
259.12816767927023,167.03758068269707,32.18688778073068,94.64844156282706
257.2884285568294,169.38051275493572,32.33815967719316,94.82879598524431
255.44687219938018,171.47063378226872,32.347576112565854,95.06212671881684
253.67151854197252,172.24321560525968,32.34788889231646,94.75889713388534
251.44537768039953,173.44747575609006,32.77709884956279,93.42481194708513
249.5723893750956,175.78570177370926,32.97196090099703,93.14154123585183
246.95708319056624,179.97039548402913,33.27343651697352,92.8169011678122
245.06933982479174,182.15316411474822,33.42104386734268,92.74937234829906
243.3658011852301,183.0239737756917,33.460657319332746,93.15013493292152
240.18846667195908,183.2808560068106,34.214654577686375,92.1864938940216
236.8083777045897,183.15368351021232,35.759836651371636,90.06019933414811
233.14707317135492,185.1485125332118,37.23458776572332,89.69061579872353
230.43654349643856,185.59090582797347,38.768111543504034,90.49816517244935
228.17260637985393,184.96952287729212,39.96935184646695,92.73062411942823
226.59892421154166,183.87017071574147,39.85575727310312,95.96902513594995
223.76419066652244,181.33803702965494,40.243649160199624,96.636319851873
221.62680623359418,179.9672670366737,40.80662674912441,96.39798355800457
218.17938672828927,179.49391207873606,41.47712245986852,96.5423077860518
216.59707748097918,180.31387292270242,41.826820529073615,98.13646688959244
214.45442580404955,179.29602681129688,42.04495135561967,99.90107885689511
213.91247009071242,180.81228105107752,42.23509715395609,101.89479689787214
212.51206014296713,181.77608689431804,42.52115631679588,102.2084934236714
211.14513882280522,182.3970537854486,42.594106470547416,103.37693976645602
209.75001569821578,183.6625315028415,42.85804132217385,104.319857470098
207.28125982605994,183.26650954468258,44.2899371168548,104.048634870684
203.98358667479823,182.5481300938049,45.68325705219067,103.85299135239538
200.24042107958576,183.2580356784611,46.07065073117158,102.84890785804409
196.94790950470144,184.74141980665368,46.00991858995508,99.85357966172313
195.34336798028855,185.94368847850316,45.61699758757238,96.44509112612201
193.242741382715,185.51167525550562,45.389718182316656,94.8536551163676
191.0674780435821,185.29645986467776,45.08252000325209,93.98102250538416
189.34236767046497,185.5109462760459,44.73295155919399,93.97960241249291
188.22070125357786,183.95031299457466,44.44303930629833,94.11962464979757
188.23330667353758,182.86325038205675,43.97741981931844,94.97113186717348
188.46322344725425,181.25319394384007,43.277978013876165,95.67530741526821
188.35727907382272,180.08349992005904,42.931899336346504,95.1643202873542
189.28435376605782,180.39891194232098,42.885684951342284,94.98739997751433
188.91214338095858,180.36911733637442,43.32406176883727,94.03944324137889
188.466972468444,181.05053460988395,43.950466537801866,92.50874262826157
189.49234032476576,183.20105984901568,44.42532434436914,91.7928562201275
189.77162752791264,185.92388690633064,44.15921425396664,92.58842305657794
191.62579256834556,185.82560537399078,44.06952888745627,92.96789346416841
191.12094100050854,186.03532499921903,44.02627556122387,93.38774393853873
191.16244688106298,184.86079653820028,44.352133603066804,94.79473341625174
190.55849698364577,182.4564021695956,44.480014519918136,97.14561662253149
190.1888210198899,179.73080205622216,44.10724498460793,99.66740615324878
189.592643192575,177.28024438592197,43.556207694901815,102.41019510644374
188.41246468580633,175.02975775323182,43.352245813099174,103.71451619782806
186.91349560704418,176.09686660682206,47.529210097485006,100.76913244259765
185.67809385873002,175.2923747624202,50.98527932592485,100.48110854682955
184.2761015873862,178.5600216769074,53.9924106541102,99.84426223143544
182.30844925547905,182.14301472733112,56.89489795418544,100.11647135916466
181.3043984325667,182.81098696420338,57.315728982525144,101.9034154504836
180.74768049614508,182.4068713197551,55.78003665674468,104.47328585757472
182.771683706584,180.9895427369584,53.69536050472667,105.70671025606305
184.52705981695271,177.8179986915506,51.84051508044466,104.71616683137577
184.75646818399235,175.97205951542617,50.39236656450123,103.82998217245515
185.7813111309376,176.28353573381975,49.516914464823074,102.71917594037802
186.17981033646947,177.3303242529998,48.216159649836314,101.81828152588119
186.11041967555045,179.50625228246543,47.66487630301898,100.80951194804425
185.60049068766907,181.82770407804117,47.504275613887636,101.2773266071674
184.53305690323222,183.91792588950162,47.697438909537446,100.84743396958284
183.8380100599074,184.83651754056612,47.43180449445672,102.38272128474813
182.25195657359257,183.87513224159454,47.360538788329684,102.58984752310269
181.5932994529443,185.0030263872284,47.6588634666379,102.17497515018516
179.82046080291283,185.7899707359416,48.063035763725395,100.07253833130643
177.26796654012253,188.79710355148904,47.752448785003,98.20336375703528
175.79070929982458,190.1229251709529,47.54013105696548,97.81194676780243
172.55614400784776,191.28932150796857,47.00967219771237,98.87559412291532
169.94382655069188,191.719204508708,46.41278630666524,101.08939741922703
167.61062516284667,190.49640138061693,45.57172467348113,103.83871166247924
164.92673638502376,190.53547774422333,44.874993791016585,106.41969952211947
161.52830759234382,191.6016274612811,44.57179043658766,108.96366961925386
157.83070597469475,192.93505196748944,44.32420669221048,111.52373119796272
155.07525124043767,191.1900697792225,44.24430109343341,112.84950766632396
151.68181459577448,189.87954441348865,44.346842965676046,113.68433820488244
150.2407131738728,190.459456459884,44.6068262469489,113.99014523944928
148.99697693515233,188.45557057617935,44.54529607698993,114.23903996790281
148.36330693657854,187.839456716624,44.28284698398098,113.13197611444272
147.69689229923972,188.09231512526333,43.79090735778733,112.38475395742236
146.56103733140122,190.42591736889761,42.8012831126324,112.97121920892334
143.39815344262,192.71216889048554,41.871851457821805,115.06557150098308
140.30951490723777,193.6081648121256,40.869463439932694,116.91522103610568
137.28175757567985,194.05054201890127,41.02675422609542,118.95395452424196
135.81945902764295,194.0080096743251,41.805375493998426,119.75306706257261
133.57957266763475,194.4538648686143,42.435108731898126,120.99891942576426
131.78127507018112,194.63775149943103,43.4146716373004,121.52941426773032
130.3071944347016,195.4452539299167,43.80225742302997,122.66065121469663
128.1898441246979,196.87204989578208,44.104613844810416,123.7497787424995
127.76970117483383,197.37066253140085,44.0368655987065,124.63173592918588
126.9677128327259,198.1916227713553,43.70898326650391,124.89160618738273
126.69270620864566,198.25771774369693,43.61161586462087,123.88002421484457
126.98227768949005,198.87949755984258,43.50454568306442,121.83467452394046
127.597911318326,199.249555910193,43.278994153198596,119.86701315790299
127.91061208768814,198.06137740676033,42.67123294995966,118.28784834279266
128.22970365707573,198.68704441149015,42.10967838442335,117.47122134908582
129.74831687315117,199.9936666223314,41.56455409842111,116.1199748655594
130.81815820324323,200.51691339021016,40.73937963792879,115.19106246632657
131.6505270642098,199.98009875886925,40.24678597136218,113.76156629985493
132.99910567144272,202.12245144541518,39.76213528956537,112.65942041696695
134.40774907760502,202.69309560669655,39.57659500777363,111.2888091691942
135.64685984765416,202.44664740779336,39.29165940975297,109.62574929869004
137.35366280077017,204.21718248449363,39.25095446635052,108.20728017754658
138.7973677060003,205.49248304538165,39.20233554944497,107.65594687231412
140.38172565652684,208.088859032808,39.11534786837785,108.09790807037407
141.04383639751254,208.16423505564626,39.5539559285665,107.81957176101517
142.67714906470025,208.11754505139191,39.98403593553018,108.25724965541858
143.60519589625818,207.79427350515834,40.287724443663734,108.64068476262764
144.0918585276383,207.250333663133,40.66403227855211,108.44584984134688
143.8234784972948,207.13719538369713,40.40385827103614,108.37392910097662
144.60066563290556,208.25102419351035,40.51991966685254,109.17868854029489
144.64171638812576,208.65719937139033,40.704659120967904,108.94600950783436
145.0455744390597,208.81083451388517,40.572751448818046,108.71171948518379
145.15209516846932,208.79660943359124,40.84247578379917,107.8921876563879
144.60797781449662,208.9994668812099,40.31609254798081,108.19001809310555
144.81279247680442,209.03773316010924,39.85857136067479,109.15815790526386
144.4746549904415,208.50067080697238,39.71507873906315,109.11619016807138
144.57592806755284,208.1752171600756,39.220204942399654,109.29710816209084
143.44163766440175,209.7158650750786,38.91254306338382,108.56555760567488
143.39414278699735,208.81337131230828,38.743309302205276,108.35601089621493
142.06639894943828,209.79560494371503,38.394475640577205,108.46677160924673
140.86027871402246,208.4083165465787,38.29875078509962,108.52760114056466
139.9754827685608,207.51229628490017,37.765367975095195,109.44374026287879
139.49680006385495,206.9340459169681,37.201361900704086,109.36111908483306
139.06869552108867,206.55043808910094,36.875157169784636,109.89917614536301
137.9928666772242,205.87006955146526,36.99700109103405,109.7982530739211
138.2396344014127,207.36387343453322,36.800404211010736,110.51580330300919
138.61659626931547,208.091182876981,36.63990622593765,110.67742098561087
139.16300557270333,206.48541334605198,36.59734065279993,110.98183576653932
139.03281476336957,205.88339227886058,36.108364153887024,110.75305078586325
138.83825165918643,203.5727303119187,36.48168433549654,107.86112150777197
139.2782445502791,205.97178854579852,36.3448432443016,106.46328027042003
139.4874225615506,206.922616683607,36.07297906224041,105.8332468909975
139.86172348091898,207.42116412413438,35.49247892166382,106.04684727666638
140.64213102678877,208.73945916660963,35.027600724341056,106.37735447412554
141.7294782131898,207.76650607767118,34.865913992377614,105.70664774077804
143.57564788496342,209.20228221237227,34.56670614335245,106.94457013034193
145.05497923992678,210.03548300858336,34.663930655715795,109.42935214311386
147.00539655221016,210.83677559150397,35.52265852351961,109.65326310154023
147.88437595205207,211.68626464564505,35.850991275425784,109.55858286961607
148.71008489929193,212.01861182924267,36.45965276479613,109.57324960738606
149.7690931736864,213.9961260030906,37.30395535167312,108.01915094909754
150.41025272122053,212.18896746235174,36.8003942460114,108.4544967399869
150.65979756269917,211.89345971174558,37.18358622408776,106.8311181486394
151.06243011403683,211.96017767207638,37.16169501371975,107.66358652342225
151.8589841252189,212.94310901292252,37.529843495414404,106.97102723127927
152.2182592984868,213.6208982780289,37.882942461851634,105.31385241715384
152.64233441226398,214.71941839862924,37.86465929925016,105.40680021687722
153.23299953549173,216.36071211146694,37.80028671728438,104.9526646630738
154.29511692132454,217.66834993927188,37.92678317540089,104.69994975651784
154.48444976865179,217.05151219296076,38.09787198113546,104.69052126812204
154.69471605508457,217.57557518916792,38.256259593835885,104.91608144628572
155.42806595720577,217.26582384470606,38.598593064244035,104.60092381969585
155.8663664324161,218.85986881657533,39.106414535278745,104.11320108825282
155.6855500319063,218.03430987470142,39.54950194861306,102.71914985693414
156.37230265484325,217.46766004509925,39.99655227048054,101.30014787085955
156.32169211901916,219.06581720042215,40.130036334242575,101.28067744182077
156.3107271355701,219.93432400329695,40.26893084251635,101.37160906846253
156.5590242293494,220.6810667573264,40.35303991347213,101.68052498385794
156.45980402705652,220.66548488541247,40.25468602274694,102.08216977173984
156.05738416262048,219.4475568562979,40.04633440926516,103.24155242699197
156.22009492154035,219.8107579157102,39.714677620198785,104.2278112168664
155.87798493810854,219.82565766776958,39.611268817187884,105.51319892855271
155.71403777984528,220.89080185984636,39.603138789746914,107.13705712032689
155.67160488749408,221.83504715395785,39.92739791301038,107.74577512737977
155.39260334379705,223.33333907865673,40.18824716987622,108.33031176900982
154.7249354861435,221.67069689431446,40.46574265710258,107.76439249580287
154.07233337257824,218.10122103158903,40.18764653213651,108.98298747076544
153.54708116191836,215.27597641595358,40.23568153302321,108.47859665519191
152.37883447233543,215.97719661949924,40.6656959111439,106.46164392376738
152.47772737600584,214.61957948293875,40.75428506017244,105.51432703226129
153.03584254415088,213.84907315687923,40.505382235192926,105.09836052883989
153.77497324682312,214.74377450579772,40.198719383506,104.65733553562322
154.98990035807654,215.25683805821393,40.289948992786286,104.94799483921517
154.961200610329,216.02188050346712,40.753173477361756,104.3480076478742
156.68773094989854,216.7156390033599,41.53917272330207,104.0310736339666
157.57726868849062,216.73320082367127,41.719161252923286,105.50689888975197
158.77249608536357,216.40559851532552,42.30476279653397,106.56919136893504
159.71777124166056,216.147651480048,42.34500255065903,108.89827578048587
160.56231378659885,214.93446454165718,42.28789942966219,111.21859095539466
161.0727914196019,214.14019527591086,42.318023794507795,112.89896722087136
161.61824993148198,214.21196903443666,42.36866339134549,113.99854478488203
162.59247191739126,214.72314957131886,42.0126038771151,115.4610334025086
162.81071076511753,214.2368596859901,42.61261376100829,115.58359300295433
163.2759701851379,214.76969147572333,42.65567504296152,115.98173068825078
163.75200727824603,216.03182601099996,42.80830845543153,114.86038424800756
163.92130565198022,215.02263276032514,42.73649500502505,115.01068596103478
164.37904648250148,214.85469401933324,42.564336133651565,114.63223455794017
165.23964434485399,215.13530645545788,42.77306692357212,113.27660619228648
165.98370953648111,215.46574637804986,42.53419911165267,112.51320880932987
167.48384823048616,216.51123586900223,42.12320900467898,111.77142912246906
168.50986067845017,216.97418004165422,41.23294253160253,111.09519763322513
169.50156063278325,216.91167928191123,40.29801943816004,111.2330704237104
170.74635133626492,216.40683310834092,39.62397834491743,110.85340341587818
171.4613426564745,217.37678461871866,39.17666303142544,111.06444868117924
172.66098997486887,216.6846245357585,39.168680993818825,110.12510775815605
173.46308502450933,217.73102781002612,39.328117470007896,110.02587177579818
175.05633486892884,218.02609273553952,39.18879080439273,109.78413333846004
176.45754904565854,219.53700668869052,38.934609311437505,109.38083093722395
179.08210109826857,219.53580296967215,38.61872177802532,109.30213952816949
181.5466481559726,218.88244463634882,37.9576134833875,108.91580032666735
184.43531117928222,218.59945288388002,37.68803461007755,108.15716120053193
186.5455426625113,219.17710589366428,37.401598123340456,107.2808481020774
188.4102244774678,219.24148906474764,37.531933742695045,106.14469841335308
189.94905441393658,219.7238147050051,37.57327192044721,106.44834623562136
191.35998759565618,220.4540370502391,37.76926549276853,107.50211772976948
193.4893031189001,220.24113682507533,38.247739815848526,107.26079247819268
194.75803341756222,220.12300417415938,38.47508453544937,106.45947585940081
196.11695515005061,220.84918081040112,38.789829313957085,106.79171414251273
197.92217799146664,220.09340789830392,39.14030706442881,106.41046738419523
199.30879677527906,219.98480527892082,39.58498217075417,105.67427809075777
199.8748498816878,219.39072251525204,39.44346980854937,104.23004835060873
201.19154756200186,217.80047428052035,39.22792661123604,103.49447102093879
202.8630999248236,217.0878574773664,39.45765852308955,103.30325300619108
204.0975295672318,216.67358887734267,39.892104530402676,103.0411943648308
205.78780977660386,215.12309947607565,39.98343861429827,101.8925408088138
208.10415065758332,212.27464536687455,39.72293493003713,100.61527357402998
210.69729694537722,211.47520819138117,39.06811742158799,100.07225525343168
213.63639505588878,213.0360693170653,38.87785989075043,100.54568895642436
214.92457943858443,214.47397707136201,38.90134797884422,101.13519069712902
215.62832184054744,213.9643582823516,39.92433936357787,101.70680645279263
218.61828448902904,216.75595225367408,40.64722387725313,101.99077596940674
222.45722272903424,218.45595106406685,40.61525527611844,102.63340997475034
225.55337744521952,219.57657108521738,40.93694053750396,102.96753881367485
228.62446062178878,220.32583546287216,41.66629088892478,103.17361229988144
231.76850483733222,221.66983036376104,43.44207956355079,102.17538485200075
235.66487285776742,222.5221366704647,45.39800933231175,101.78524074159179
239.2537453316113,222.5738723155319,47.38256067979001,102.37387057240616
243.4300458933717,222.21751920994046,49.35563265960175,104.19493600123278
247.39966925229754,221.48501369254456,50.26226168180128,104.56152367424633
257.5840917609494,220.83738723234183,50.611880562202714,103.04187452746734
264.5070635077925,222.8280470045603,51.44001600986161,100.23736667812932
269.9723919066763,228.93840714109297,50.83481010931083,98.88261034091599
278.5400580912439,220.43375341903692,47.99655110443352,102.22644480071412
278.6892960645508,221.874687128264,45.9201692168102,104.00093228643483
278.85812706001457,229.63647849472812,48.41059908570015,100.33478573362126
289.48988005389737,222.65431315554451,46.95462064004885,100.96326951104857
304.7497083733661,215.64474964072446,45.508450329236325,103.57117503647723
308.1340946921977,215.88299153405785,44.56689670097255,103.63827684827926
313.6148226914,216.34101400544097,44.61863574040976,102.23184610491299
318.2365408369665,217.76519912181715,44.20935643932799,102.80248412716546
323.92491285884324,219.1198037756224,43.940529227544765,103.1009034988305
328.241034450792,223.2570038070868,44.965736719611684,103.88315359764485
338.109268329546,219.64451264000172,43.57612984772362,103.64437698634991
348.56889922545815,216.59084190094296,43.34680183275489,101.24389165935268
364.1614202619274,206.61536352965663,47.396718408498046,99.69782386579251
366.95088516428444,200.95516071311496,49.03804922390107,99.77080728055311
369.29405131933856,193.99663780130652,48.71055261096694,100.14537358909435
371.3117964907477,189.52334629300998,48.17430052078841,99.62942646957904
369.60758235987714,186.2007120569712,50.33064226233461,94.02576782526253
368.9384867234177,191.94368880619044,52.38784096771417,90.93957648044955
369.80436368054177,195.93947684860274,52.45778025453114,91.7582058552197
374.65880954678113,197.62560508144662,56.89562943544357,86.84725655753878
367.2083246318964,197.71608882804898,56.28296076881401,86.91744178836171
367.1441476118975,202.7160443927281,56.29404163458564,86.59683096723104
362.838307354931,205.61679975659905,55.9460206104327,86.71341582817318
358.80614933876717,211.84870493461332,56.142108684081066,88.54922419315294
353.0851665591047,213.21763197261313,56.609645112851815,89.21494172283572
347.22033225972746,217.62047350656064,57.32016869970443,91.08767395340259
339.5940979581227,218.5840097535564,58.04557488683732,93.62317260351512
329.69028070834673,224.61571041021904,61.81854332498793,91.93942235983091
319.27051133367115,230.386286166683,64.83121401708803,91.49977803379267
320.34312766129824,238.6830187138119,68.7392993855156,89.92520141304561
393.31807261617826,208.6864773742671,63.18137724919298,99.37614313144185
397.8120643809527,209.28563702158596,62.82040501877748,98.03564972698757
396.76272613075844,203.59941894954977,58.299819300690615,102.95875268014194
394.62966912463094,199.6055316241799,55.05900534587413,105.8753379273478
393.21720985928033,195.061100147541,52.28772722511654,107.23216476688657
390.91954142986185,192.1840419079748,50.156017594237994,109.01319918043666
389.6710417885307,190.6236846376625,48.50144798728233,109.906809295631
386.46751372977315,188.43645672547103,46.69619426745611,111.10177932213186
382.9800324541811,185.80331211055068,45.19622033334961,111.29782471652337
378.00256760570755,183.34085096776533,44.25484113137105,110.18853775069019
373.3812671023704,181.7359063534275,43.457241904585885,108.57683369475895
368.8538494156803,178.35758058218204,43.005079215832225,108.0406595383973
366.0793613711975,178.3264228936558,42.23396358040219,106.88414719099302
363.4004626824137,178.5980151310263,41.79357513262178,105.35240203967732
360.75619852245217,178.85977808691695,41.277552804809304,104.32329337805245
358.90773888383734,178.5337359835066,41.424570119758684,102.3345918907508
356.5864513092671,179.20061130140562,41.43825284717676,102.13755106425603
354.8225192149631,180.09537304482149,41.84415591899389,103.96043001654178
353.0558127002242,180.02831725701338,42.935256946289726,104.80464897827017
352.04258553621804,179.8241208993499,44.147675739443315,104.74326425853283
350.76989050543136,179.47461956563347,45.68001679455466,105.12494118491304
349.74219511408177,176.6709306160796,46.51601706574105,104.49276181778546
347.5420767958389,174.25859413871189,47.250051157060696,104.18206737902723
346.4221060304137,170.34400444488784,45.94619185707001,103.20851334534962
345.4874472139715,168.4592176515497,45.486648253382256,99.47726391109086
345.2773631025633,165.90488170530335,43.502233260485184,97.69570133321614
345.4580119860316,166.07787990696713,43.725028170188146,95.5358000484112
346.63217670553536,166.62909105799517,44.067452667948196,94.45046572932262
346.109827547148,168.32534415601913,44.324118214566035,93.78457043224623
347.05866974975913,170.0087712025052,43.96117366129532,93.61052639786789
346.92076999528007,171.83163277254582,43.31399411341829,93.60611776431737
347.576001640245,172.16164962333787,42.041025658000905,92.70854822842087
348.2558465313327,172.4733563151796,40.224622497396155,91.75021196480309
348.11113571498294,173.52843283829947,38.400701606520784,90.6409677701869
348.63055906498613,174.8736043163536,38.1479796723873,88.92550395970085
348.48286415510626,176.20495486128914,38.06117476448784,88.33480289653264
345.91238185363636,177.20188928548353,38.271206368770486,86.86554611727384
344.424577031195,177.2445339480874,37.98053989251372,87.01160700535539
343.0031968853993,176.98511143839414,37.74596029648607,86.93175662736488
341.88785966402907,177.06744252515045,37.64841103393469,86.3988418784547
341.13518592604845,177.363364782104,36.919071658394486,87.49361032822412
339.5846154088108,177.02026727053226,37.12364057983274,87.54333032476009
338.9115725158629,177.28376402341576,37.63211016051311,87.70820172673461
337.6355416318683,178.17753462786573,38.11681414995308,87.55210926356219
336.87536780039596,178.7559078623547,37.836773953553184,88.17439514417077
336.8728380096152,179.23840608523935,37.90575207350639,88.55522651631831
335.73054121074574,179.90417887674494,37.881791498729406,88.60805435974453
335.0580750397675,180.96291828525105,37.309855511637686,88.24102901486975
334.0718886290471,182.1650481396299,37.037610632501725,87.83259340469905
332.89803000110396,183.12674677122186,36.83778722371516,87.92674732521573
331.7788871527151,181.906175330719,36.7940976511753,87.26472410285842
330.833134151405,181.62882899263406,36.62249044121003,86.5931794819702
328.6718364608818,180.5381615507878,36.773558913381855,84.82529132412829
326.277181052808,178.72714963889752,38.09196704817882,83.01538079121937
323.9187937578566,179.30744083393117,39.45463235081969,82.5947965033402
321.9687292131006,177.6210705709756,40.410071451241684,84.24191139505793
320.3449722689195,176.81984679770784,41.22008200174373,86.02013831404714
319.3664933756157,174.31390198631254,41.62182931719812,88.4531447657562
319.1145524762416,172.41582112881517,41.98063546692319,89.67788295017233
318.428656221797,172.51227792619113,41.87039996830514,90.16149828608445
318.5049515798597,172.16414374720569,41.67857439789874,90.05216254382798
316.5080999137772,171.81336878374356,42.07639912898963,89.89668416522167
315.7259915712953,171.9155879247201,42.53082417748634,89.11802212647842
315.16466250954204,173.51211830276702,42.66143004393186,88.01178984061472
313.57760010912455,175.04612589970392,42.69138646784428,86.72164685152148
312.9372876791676,176.82349924140854,42.76852464677374,85.9876043898377
311.723206631032,178.2585433340882,42.55112957789896,86.82951013720242
310.3639905312903,179.20658808248828,42.509704838066554,87.33622358458558
307.4229566185693,178.75098400885375,42.35608855477443,87.94450295630571
305.7211451918102,178.46852221624397,43.04580082861132,87.94591958065645
303.5166749085921,178.8393744210976,44.1140185957463,87.20434163786095
301.6056845470665,178.71296988181552,44.587174817759944,87.00448714578258
299.46885459645813,178.6152328911368,44.65238869312826,87.73080629239273
297.60881078030377,177.73019634799937,45.01184772054812,87.82371673142028
296.0696109084477,176.9355880401922,45.05577619083798,88.07315969209691
294.5142837583354,177.07624899217745,45.16872932300227,88.70961622049563
293.1513556077093,175.84496944791627,45.234397426164875,90.17035820181734
292.5348833438311,173.45846145796878,45.18061738650789,91.70531752201384
291.9257622255942,171.71643469354842,45.21190440943497,93.20641273405155
291.84827082226866,170.10775746437412,45.31513381432982,94.49901853326628
291.2569666626897,171.58405226155799,46.72000825618653,94.94141413787314
291.8928329807612,172.59442651877765,46.64608674675246,97.62898194957519
292.73390628916707,173.32657491406502,46.29650615281363,99.86909928825762
292.7330355006475,174.4163409113165,45.869231884792555,102.22602721654522
292.86996334433377,175.83784548668734,45.89933151396353,105.19061999451444
291.89661070960574,175.96968899650773,47.1838734066114,106.50598172765845
290.36956001276616,174.2005780419472,47.73038903635924,107.59086334480251
288.6109298430888,171.52436391530344,48.195114557064684,107.06238596988572
288.5677008652371,168.8432583272734,48.6055475393756,105.46332872095805
287.2332639307655,167.95259087387674,48.59134574189119,103.11613741696642
286.0699530014863,167.72150380266623,48.6315818258372,101.87885987443565
286.06417330063545,166.27395124660546,49.070834236915445,99.29781161283893
286.23542973431177,165.47399421351486,49.31150251236981,97.0992239490549
286.5451201860468,164.38418171478867,49.30395381038058,96.93537002843175
286.34458107062267,164.14404068169304,48.768306305564415,97.29893522544758
287.03278085719967,161.66292918490336,48.397302979320614,97.41794513766705
288.0783073276018,161.47127126585005,47.963419976603696,98.12833955663001
288.17156644406975,160.63299965080452,47.37861832167462,99.14636566445239
289.1929321074667,160.0572157605805,47.19902686266337,98.30770419589984
289.8490933550188,160.47078108589585,46.70481900588766,97.2862607641737
290.5098125076181,160.9941191102352,46.174575020414075,95.5643623186444
291.3652215117895,161.75201867295942,45.40644821900338,94.75208843838564
292.80419725703877,161.91125553150968,44.35603188094017,94.61097552417398
295.26094796588734,161.72625532419744,43.72494299223464,93.90579207039028
296.2796135346989,161.04440930486948,42.833513534604165,93.2743019524834
298.50746513189114,159.9723299282627,43.13992057352665,92.0062299756402
301.6312521054876,159.43944996983245,43.344212776236105,90.77906238891484
304.35218738839154,159.1213140915777,43.42975843967627,89.40556637465713
306.9727864129937,158.1235119157506,43.29071178436236,88.40239977408656
309.3129107891125,158.68550940131587,43.12139023244204,87.84745559183543
311.93512693431273,158.88463037721104,43.06493001082824,88.31969286615748
314.3025849378125,159.333137834411,42.90924812705864,88.07785232633796
316.3669525351726,160.71609381955847,42.966017845668645,87.60473029210868
319.148296017708,159.9944686642053,43.15520103593225,86.43293076379523
320.92025013129995,160.67311184288536,42.73543044874775,86.79177370941363
323.09432516845953,158.73592512233847,42.839235216042326,87.02044145058677
323.6063186160476,160.1251277120971,43.837185929585075,86.91936438081069
324.7416121795734,158.63716648463196,44.230971961942025,89.49612239749328
327.5823457013804,157.99586430508558,44.045159978142465,89.47821277381327
329.7546850602022,158.56731521960813,43.185094917496635,90.01401663705943
330.95446158909726,157.87039445756747,43.34938153370234,91.56418168347005
330.6197867825304,157.27999699074354,44.318238287949384,92.40937218787289
331.4935560118587,156.2845966860204,44.832113403511556,95.21284857141669
332.719377628755,154.2245687399191,45.22271479481046,96.13804233631512
333.21040548264614,151.18461661028522,44.64951789292314,97.95984751645082
332.8923724364374,144.90572937641807,44.49814368535266,97.87268256157773
331.50401515002494,138.64943972782973,47.338100991656276,94.19247087364698
328.61545880511466,136.89985892720836,49.20801763655496,91.49861976050376
326.9936269848285,135.03954477237562,49.48394336399549,90.17347790186476
323.7979622115676,133.34793570949537,50.164382140558764,89.7384937704689
321.6569652873517,131.76857260717696,49.322762631446764,89.13737424146316
320.51034394091505,133.59005189680312,47.16756858725946,90.72359409086073
321.2750069921072,135.13153329967048,44.72091502124833,92.44364556353784
321.7127367622688,134.10971262860738,42.50632531773233,93.65606174887999
323.2058853501228,133.378609665738,40.77511468320012,92.7493134929476
324.3210898060998,137.8417008848417,39.06763013485936,92.497365444999
326.24595027454166,142.76153467363113,37.62293634908335,92.32912559416575
327.83101940240584,146.88294054960662,35.983316625154295,93.45692121831343
327.9295766561584,152.1335987085071,35.482093825784744,94.74342476287818
326.8791752763865,153.56180361707158,35.6037881325317,94.48214372039214
326.1446781101358,155.71469454867662,36.044862576536666,94.02539378238353
326.8974673553039,156.87864095780762,35.570460891696705,93.95833661170451
327.2236644388896,157.21930782590198,34.99552168636158,94.56110150069887
328.52987436332245,158.26535644012833,34.297522203783195,94.89139640214428
329.95912247746963,157.55087810185717,34.2599168789617,95.53809427007377
331.06354148822004,156.91642272266296,34.239140094796035,95.9658991501091
331.8536713613052,156.30836547392963,34.47447132629449,94.56962455989874
333.3003260673937,156.1573652779258,34.85932558561103,92.33430696064966
333.938198271602,158.55496892360065,34.82314881463797,90.15707132800661
333.77538860164975,158.74836730559772,35.34557828084709,86.74623553393741
334.3748274549083,160.83869970597001,34.627948476246516,83.99507322037546
334.3898123001156,163.79478857534468,33.723176077206205,82.42426034216079
327.8074812750121,166.23446035678046,33.68859267453231,83.22737518001551
329.42085120334923,167.310269512949,33.679187803591105,81.82935156420024
331.99082472501226,171.84044822825945,33.15747587150155,82.56671408902365
332.55379559419094,171.95252845885994,32.89498245496347,81.14487601551797
334.97085507860083,175.110522097186,31.991401186796825,81.79108890366078
336.528706324377,175.34364471831196,31.507757554115926,80.56037242851781
336.40017577554255,179.56281885940817,31.369129283536807,81.38767489553192
341.35808699768273,181.95536359701555,31.458796188621694,81.87043534249736
340.48006774686405,191.60143941203904,31.648485183880844,83.45165674406654
328.3373135192046,186.82117945218198,39.47632914945371,75.07375159969374
334.33277668287934,176.66969121499977,41.554698705282966,72.94466592501031
337.4060062640408,183.92629952758682,41.525109946249835,71.64308584311019
341.6428816686456,190.4946425500512,41.76944633339026,70.51969306447782
343.2804981888171,198.2042671512736,41.50314254567182,70.20014002139577
343.53936488242044,200.46080963394218,41.195252764221905,69.08639687772916
341.850864710765,201.62402282375808,40.7841776604503,66.86347134859602
340.4991206499462,209.5142947795093,39.20597184669359,67.29512760188851
340.3100202546326,210.62219267181487,38.09317842230921,68.82081526721328
339.251193000463,214.9852799557239,37.886940814101806,71.86802956200505
339.1046811058711,215.54027518040334,37.965368316869494,74.53045761163911
339.5623604872055,215.3728137911689,38.54746574717097,75.67447177928723
340.13613883342714,216.06527336914536,38.75754598328608,77.04805892139947
339.81861263916187,216.1402416860797,39.07980857403368,77.79720399453156
340.7086941873873,216.94214888793817,38.77766221170597,78.4527546726017
339.5258687916199,215.81642835516365,38.7489577061522,78.28924441368787
340.14614406330054,215.04905429386702,37.798662500744555,78.50926201126435
339.4901171334497,214.3664681053838,37.677716987963905,78.56143907363271
340.68224417289787,212.8636909447633,37.457653678263156,79.83671108820255
340.56681411001944,212.99599750993866,37.852311555089074,79.78502556753394
341.15727509841594,211.91090398581645,37.53337883801594,80.9926399815582
342.69492671198594,209.98704724128237,37.66982778716067,81.56727693635514
343.6272625108349,209.26933936762316,37.58595832016196,83.23290170643396
344.8539883319167,208.85789342741725,38.00171143759614,84.72676122533832
346.1937324524143,208.27235740907076,38.6358604532232,85.76686244124673
346.59664145259904,209.34979318288566,38.89973375324589,87.00674148870975
347.49232284608456,209.95702107457382,38.83935970719588,87.5768432862813
348.23219084940723,209.3385685500764,38.919257432392556,87.62867793980652
348.24114701424116,208.27818119608565,38.87341206581613,87.37061172447864
348.2791359689416,207.44067968373287,38.27219075488789,88.35887160896357
348.03033330477825,206.82542212800593,37.50587935233382,88.54344822859618
346.9566586962162,206.26136092441521,37.516989756057704,87.493941403371
346.2039188412622,205.09779457804171,37.16502315306144,86.26083978787517
345.425191862239,205.56953913879838,36.900627526528325,85.98130540116411
344.92185534621694,206.81283547327553,36.859208670144625,84.52534844674074
343.8751329820553,208.73452885674357,36.92416237826534,83.51576104198729
343.50709760790653,208.089163683678,36.1614205702961,83.19323064211616
342.6765803513387,208.66042739731068,35.793598329128756,82.4949536792902
342.59248399616223,207.45493949784066,35.651816428676156,82.61143937927704
342.75241000413274,207.9495046104598,36.55284241776288,82.31394219971212
341.50522016953107,206.6199201818398,36.9512204619052,83.08865358796558
342.910197094152,208.06018809970965,36.042458204879814,84.10550025001339
343.3702546657016,205.55252739546125,36.974744437551145,84.98018330706977
342.58248103342544,206.8088589984272,37.878402218174855,84.4879690242488
341.2014812839333,207.03178556984187,38.322882052394746,84.8045556688073
340.49363155932195,207.08784148643383,38.87852653182984,84.4118547319247
339.05609024253613,206.0488522963031,38.93195746824266,83.67109441322681
337.7740947178159,205.38841100545523,38.19946357047854,83.06939556067263
337.8722954469978,205.84172841891083,37.406993968270186,83.26737737575974
337.6232488697338,205.65186959325624,37.187437662959276,83.15271148333915
337.9065738027202,205.0445222729699,37.600378570568964,82.5906165778989
337.5917763874117,205.603304173071,37.377831067201555,82.39334968512169
337.25338126438527,207.86185625341022,36.68520364586547,82.26386072830066
338.8352434702152,208.03644314393983,36.100203380094975,82.62633529223498
340.7854850043306,210.0537918905517,36.244598317845536,81.65668506311037
341.6342904808856,212.61274579155352,36.277441571202196,79.91402402433613
341.1918632210708,213.49388609551198,36.12274650167478,78.03889251195446
342.1120745168784,210.63389339345088,35.624449683489374,77.59809796307378
342.008417835347,210.8664485126576,35.27546169119024,77.30527986776681
339.76093174068075,209.13750977697669,35.97811482115086,77.17121741298116
336.33143358417294,210.75925324493906,35.65056051694844,76.79264131804457
332.0604193559134,211.32508397318603,35.43313710731765,77.10940122061282
330.8341311263754,212.09788255738508,35.59391783580276,78.52312269006262
327.37331440415875,211.95394167962127,36.420388888573484,79.53939984802176
324.16740593793963,208.8844502277804,36.98431162926972,81.33333384728454
319.8014791120632,206.86606001426333,39.04478571483,81.93367213755415
316.6268787920097,196.3958375125726,38.556969772448014,82.80069757001274
