262.5,94.5,16,26
261.2675972303656,91.94179494988211,15.912007506508164,26.115537488236257
260.9551891288345,92.49371438329547,15.808184285723215,26.0784146963531
260.04458242407946,90.30966231726711,16.15598088996593,26.237304141062396
259.50118234777517,90.72834213401367,15.941678404329895,26.071317040413813
258.14276206230943,89.43955729556683,16.070970242503755,26.04783109520666
255.86294050944144,87.75176519793176,16.466053507083732,26.36285005724622
254.1290089243142,85.88371045145024,16.56950580011047,26.745533570594986
253.03231656014015,83.7649504947122,16.631197403687477,27.45292405139286
251.555793282764,80.87557659046199,16.96729535385598,27.901990940246073
250.75791455247426,78.38515147659228,17.28808657450626,28.194549141465686
250.5740008639821,77.8257966370412,17.586256730054096,28.129977279697222
247.95423217298932,75.20813985071524,18.214396845651695,28.445390435021228
246.85344055651595,73.3725463993679,18.325735070129845,29.296395014260096
244.61735322663952,71.2867380568186,18.29298400203843,29.77892478529619
243.7325308896567,69.68734308390394,18.49433963448496,29.97950120153874
241.56524928058334,67.70128763579334,18.630723607636536,30.032559973736497
240.9812730457944,67.27945050095661,18.95696175464738,29.815166066186737
239.13732242053828,65.22959540405103,19.21406447458105,30.42431215210303
237.27037050022795,65.10610319910012,19.57577998550505,30.84231376175954
234.88526615775086,62.63129871995463,20.069507518878424,31.685444028949462
232.90149642317783,61.85169117703196,20.336936075701495,32.82373185844905
230.03123125363766,59.548622128498465,20.82715504011751,33.20704299781341
229.44589955479933,58.084432547983894,21.271023837307453,33.597905803328025
228.8672973189657,55.967620328090455,21.82725804072515,34.18786135311551
228.63691175419999,54.20225182938691,21.971028274518027,34.88747476005323
227.45279893326295,51.9097157000328,22.25246454680895,35.26907154345018
227.0072693690737,50.701867337042856,22.284046095593766,35.480243037115
226.26984616868017,48.470303348862714,22.240159948620835,35.523333267045835
225.68236762010278,47.589921182439085,22.218470474616247,35.58676855555105
223.29318160189396,44.98815309367111,22.447601921892023,36.10416896419663
222.21411388030384,43.29960458819877,22.795923627203052,36.743859959745194
220.01683202452406,40.288649550057194,23.298030568819325,37.4581967175469
218.82782343023726,38.718939201719515,23.774505332237332,38.2121451165538
217.78683579873012,36.940911808436766,24.216200944563408,38.583637458432406
216.23045632438215,34.171843987355345,24.621154259714466,39.80138192246414
214.95976730789965,31.641675944124067,24.96896477825988,40.435041735580754
212.81679232999034,29.54482030526149,25.21044585437881,41.421887702636965
211.83425310871013,27.875741745725207,25.284098568141275,42.13658619782342
208.6150404058026,25.280847927036884,25.493079470172173,42.276827116602654
207.12244645326976,24.177974291796787,25.843114796883974,42.85694782305697
205.25823204242,21.79617461981768,26.13024751796705,43.61106144542705
204.6472550192538,21.254476342609784,26.419506294714765,44.31014975108452
203.3818210932757,20.82774202859213,26.82941105005235,45.02828245687862
202.73568985605738,19.593834296825023,27.13480311643082,45.677054403300104
202.8777121119072,18.106205742156128,27.610675685133568,46.452713200259964
202.8840868493867,16.489075398354554,27.94040636301991,47.16197140830989
203.84934775284847,15.595548219819214,28.12758727864584,47.806440964660354
204.25328163693538,16.194495386521638,28.457366066372593,48.60757197610414
205.65907922743915,15.782428205967719,28.93425617398504,49.066946713207614
207.0131828822063,15.853087181931102,29.240361847009936,49.66860590361483
206.94098815111022,14.867259861067431,29.618241716668997,49.67425998839637
208.26549123486325,15.276566134577173,29.807580361556095,49.803927299012386
208.86738046610432,15.105385886135359,30.005585484622376,49.85032802521654
210.34272514706564,13.52009646975732,30.007156140094786,50.23467033339071
210.76865958763742,13.192789140712417,29.75941329511833,50.06118901894252
211.0214855851455,11.897162780763693,30.401651748672396,49.91014480471216
213.60100973030478,10.295422750506589,30.651425041148066,50.059175068549735
214.54725158018968,9.491869111899124,30.85896055791571,49.721043874733475
216.4230489931689,8.79986302496592,30.963163261177872,49.48922574636142
218.94408568970283,9.589560150980319,31.41135237650232,48.78216865682728
220.0765214066895,11.604053332015088,31.543764019768986,47.982405784519095
221.8969059697932,16.944651522036253,31.679518006812316,46.208964302548054
229.64848158205695,37.3329803483743,30.6007051230441,45.93384015817274
234.75489793192168,43.57894621634092,29.978434290074915,46.03065353942701
245.2165336708093,65.18973925699258,29.360075379438367,44.74075767418814
264.55440445074225,65.90434613306715,31.423244494621315,42.825796912523245
274.53182788710694,57.54335276762126,32.18307543256079,42.166741162946266
279.1431640814612,47.50684090048389,32.76339014254616,42.2236859482464
296.03749459021606,14.32719064200915,32.756276671423166,42.54171907017634
308.5866075507916,1.1941255580429662,33.578861449734994,41.3183816172591
316.9439650806605,-1.1033022758277689,33.97544399741899,39.63202209411312
326.7326769196336,-1.5071903474033483,33.93152289820815,37.80604589122546
336.0496832081005,0.041862645770756046,35.6959535433203,36.702302497574394
345.3778385700438,0.2155764958164177,35.21337366965333,35.9258512038189
351.655848410945,1.3189863488444047,34.14275800243844,36.689135476873645
356.57674219866203,2.4136126714592265,33.19131600042965,37.35746230132479
362.0919090444176,2.551938703031574,32.688298402363294,37.29739518886559
369.72825768227176,1.992711537068434,32.41124283502901,36.02213390075098
371.99614707286617,8.756024944722611,32.23662957736929,34.338347280144774
373.66524393414414,19.73044087933443,32.26026203622506,32.43297816421703
376.66923696886744,44.899072766720465,31.941844963207977,31.108672916056292
376.1054340056022,52.281645707088686,30.083289896162327,31.38513012369875
376.6573676949731,68.35712775328727,29.771592028738674,29.783263092458824
378.90531695812916,70.28095624274303,29.223392572403476,28.126979461783378
384.4936289894887,68.64733571678352,28.067264878092608,27.622356814743064
388.60786673916823,66.2797176712303,27.450746451945164,27.280717219203982
393.34079778736765,59.65445055686645,27.302427385331526,27.26712657763138
396.1207977835465,54.00431963047113,26.86791138268939,26.65950764734097
399.3851436750716,51.68242942999349,26.49857047167897,25.998622482805523
400.9878684258138,49.50311621051044,26.527039398615532,25.180083413501364
403.8658467527777,47.95984106049197,26.35184179314972,24.365687573248998
405.9387163668031,47.20050271970711,26.206641867924915,23.607303984509272
408.08896251251866,47.4764834511479,26.133794020005634,22.933902133365414
409.03136988703136,48.953129366546825,26.15627521328676,22.438002995133488
410.0558396160576,49.552586787349405,26.068589875107335,22.206461167024727
409.7596854076823,49.60493011501296,25.932717644961578,21.920638678434223
409.34297945010866,50.02616481820658,25.652337855930988,21.758332774740154
408.5906867753939,49.971376634093644,25.55206301878365,21.53782207726931
406.51563880558786,49.83198729061011,25.558455974539577,21.429057950220038
405.424688118959,49.469543705255866,25.469169088672544,21.392895611880068
405.77109109026793,49.16783117606399,25.376364600408007,21.338649218695206
406.3218979435357,50.85117672013441,25.233271306317583,21.313683718399215
404.9384079937518,50.98434417785995,25.09247103544466,21.171190952921044
403.7410251410526,51.89247048955528,24.94813299442889,20.89866513140266
398.67045475773193,54.126245319161825,24.697262118614155,20.93610318886437
397.14602171795826,55.47505957847337,24.6220911708025,20.604589763472475
398.07731981441674,56.03528636534904,24.393509107524203,20.461126233838115
397.008620528356,56.87773794066858,24.2577817927286,20.403923412025936
397.87911763347574,58.14228025437032,23.813036018463183,20.558199122833507
399.0386774138112,61.42328832575613,23.381297057767892,20.71063810777796
400.1461849891645,63.26159569077677,23.173913208941155,20.746133420308702
400.40791078609146,64.21809910060985,22.907463134290403,20.58577078189407
399.35712759770803,66.07032497874752,22.742352369867668,20.50739333973615
398.8101678539989,67.66663668916868,22.56074294951012,20.40939658400918
397.6117671424413,68.60419615872449,22.280929849691347,20.16589137628184
397.4687747155105,68.4360707000113,21.734534885590243,20.08737285281886
396.09523522387383,69.5726291556532,21.5338823739601,19.755282748366426
395.40898991325616,70.7053236099174,21.241227240381242,19.398388908388135
393.0448348658073,70.67582532691654,20.946474629285394,19.115028762763803
392.32574983837,71.02983107732679,20.84842389520434,18.847636104783515
389.96795344351654,71.99503056717695,20.61786209048978,18.562436781569687
388.66492353740557,73.24762565224405,20.540334590013366,18.292127535660335
387.0148288042075,73.6880791740379,20.455929139112115,18.1422722351032
386.98581490065305,73.73602129242337,20.077054125157005,18.175338430275197
386.3234252494841,74.33211364095183,19.99461509043586,18.106180581057625
386.08774782592394,75.63902715784447,19.739342826121252,18.1570292598578
386.85442823386086,76.62498207305595,19.67392067182277,18.294680395926548
385.6685859349818,77.29838198112347,19.54403289905173,18.180088831744612
384.77872522672067,77.36999120897227,19.353250270087585,17.906953961428545
384.1844297783985,78.92925611843194,19.262042659041413,17.681726344733924
382.999993142409,79.35643002735779,19.14556603745053,17.462800339416575
381.2778903495175,79.75285313716071,18.849141473392102,17.40058648456062
379.8209970386549,81.2056067962844,18.651152220025804,17.321384555717536
378.4368161130498,81.69632885543209,18.559662710914957,17.323533007250212
377.06851599149024,82.15334469311902,18.454388354577254,17.279291766713662
375.95632122582316,83.12689538892738,18.525670719621136,17.138687948949492
374.84223807920586,83.84505580484995,18.28659787139157,17.126394202408616
374.52101045786765,84.46586244391037,18.06797252715771,17.18082634684181
373.1170721426149,84.49620442846485,17.854200512262207,17.12642265558852
372.8323521545268,84.54848010315064,17.664121149830613,17.0899298118713
372.9452381143767,84.90859256230257,17.60190428598748,17.03419523570761
